FPR,TPR
0.000000000000000000e+00,0.000000000000000000e+00
0.000000000000000000e+00,1.831501831501831500e-03
0.000000000000000000e+00,9.157509157509157935e-03
6.105006105006105001e-04,9.157509157509157935e-03
6.105006105006105001e-04,1.648351648351648394e-02
1.221001221001221000e-03,1.648351648351648394e-02
1.221001221001221000e-03,2.014652014652014780e-02
1.831501831501831500e-03,2.014652014652014780e-02
1.831501831501831500e-03,2.197802197802197974e-02
3.052503052503052500e-03,2.197802197802197974e-02
3.052503052503052500e-03,2.380952380952380820e-02
3.663003663003663000e-03,2.380952380952380820e-02
3.663003663003663000e-03,2.564102564102564014e-02
4.273504273504273934e-03,2.564102564102564014e-02
4.273504273504273934e-03,2.930402930402930400e-02
5.494505494505494934e-03,2.930402930402930400e-02
5.494505494505494934e-03,3.113553113553113594e-02
8.547008547008547868e-03,3.113553113553113594e-02
8.547008547008547868e-03,3.296703296703296787e-02
9.157509157509157935e-03,3.296703296703296787e-02
9.157509157509157935e-03,3.846153846153846367e-02
1.098901098901098987e-02,3.846153846153846367e-02
1.098901098901098987e-02,4.212454212454212754e-02
1.221001221001221000e-02,4.212454212454212754e-02
1.221001221001221000e-02,4.395604395604395948e-02
1.282051282051282007e-02,4.395604395604395948e-02
1.282051282051282007e-02,4.761904761904761640e-02
1.343101343101343187e-02,4.761904761904761640e-02
1.343101343101343187e-02,4.945054945054944834e-02
1.465201465201465200e-02,4.945054945054944834e-02
1.465201465201465200e-02,6.593406593406593574e-02
1.526251526251526207e-02,6.593406593406593574e-02
1.526251526251526207e-02,6.959706959706959961e-02
1.831501831501831587e-02,6.959706959706959961e-02
1.831501831501831587e-02,7.326007326007326348e-02
1.892551892551892420e-02,7.326007326007326348e-02
1.892551892551892420e-02,8.241758241758241621e-02
1.953601953601953600e-02,8.241758241758241621e-02
1.953601953601953600e-02,8.424908424908425508e-02
2.136752136752136794e-02,8.424908424908425508e-02
2.136752136752136794e-02,8.608058608058608008e-02
2.197802197802197974e-02,8.608058608058608008e-02
2.197802197802197974e-02,8.791208791208791895e-02
2.258852258852258807e-02,8.791208791208791895e-02
2.258852258852258807e-02,9.340659340659340781e-02
2.380952380952380820e-02,9.340659340659340781e-02
2.380952380952380820e-02,9.523809523809523281e-02
2.503052503052503180e-02,9.523809523809523281e-02
2.503052503052503180e-02,9.706959706959707168e-02
2.625152625152625194e-02,9.706959706959707168e-02
2.625152625152625194e-02,9.890109890109889668e-02
2.808302808302808387e-02,9.890109890109889668e-02
2.808302808302808387e-02,1.043956043956043994e-01
2.869352869352869220e-02,1.043956043956043994e-01
2.869352869352869220e-02,1.062271062271062244e-01
3.174603174603174427e-02,1.062271062271062244e-01
3.174603174603174427e-02,1.080586080586080633e-01
3.296703296703296787e-02,1.080586080586080633e-01
3.296703296703296787e-02,1.153846153846153910e-01
3.357753357753357620e-02,1.153846153846153910e-01
3.357753357753357620e-02,1.300366300366300465e-01
3.785103785103784840e-02,1.300366300366300465e-01
3.785103785103784840e-02,1.318681318681318715e-01
3.907203907203907201e-02,1.318681318681318715e-01
3.907203907203907201e-02,1.336996336996336965e-01
4.029304029304029561e-02,1.336996336996336965e-01
4.029304029304029561e-02,1.355311355311355215e-01
4.151404151404151227e-02,1.355311355311355215e-01
4.151404151404151227e-02,1.410256410256410242e-01
4.639804639804639974e-02,1.410256410256410242e-01
4.639804639804639974e-02,1.446886446886447020e-01
4.945054945054944834e-02,1.446886446886447020e-01
4.945054945054944834e-02,1.483516483516483520e-01
5.067155067155067194e-02,1.483516483516483520e-01
5.067155067155067194e-02,1.501831501831501769e-01
5.128205128205128027e-02,1.501831501831501769e-01
5.128205128205128027e-02,1.538461538461538547e-01
5.189255189255189554e-02,1.538461538461538547e-01
5.189255189255189554e-02,1.556776556776556797e-01
5.311355311355311221e-02,1.556776556776556797e-01
5.311355311355311221e-02,1.666666666666666574e-01
5.616605616605616774e-02,1.666666666666666574e-01
5.616605616605616774e-02,1.684981684981685102e-01
5.799755799755799968e-02,1.684981684981685102e-01
5.799755799755799968e-02,1.721611721611721602e-01
5.921855921855921634e-02,1.721611721611721602e-01
5.921855921855921634e-02,1.776556776556776629e-01
5.982905982905983161e-02,1.776556776556776629e-01
5.982905982905983161e-02,1.794871794871794879e-01
6.227106227106227188e-02,1.794871794871794879e-01
6.227106227106227188e-02,1.886446886446886406e-01
6.288156288156288021e-02,1.886446886446886406e-01
6.288156288156288021e-02,1.904761904761904656e-01
6.410256410256409687e-02,1.904761904761904656e-01
6.410256410256409687e-02,1.923076923076923184e-01
6.471306471306471908e-02,1.923076923076923184e-01
6.471306471306471908e-02,1.941391941391941434e-01
6.593406593406593574e-02,1.941391941391941434e-01
6.593406593406593574e-02,1.959706959706959684e-01
6.776556776556776074e-02,1.959706959706959684e-01
6.776556776556776074e-02,1.978021978021977934e-01
6.837606837606838295e-02,1.978021978021977934e-01
6.837606837606838295e-02,1.996336996336996461e-01
6.959706959706959961e-02,1.996336996336996461e-01
6.959706959706959961e-02,2.014652014652014711e-01
7.081807081807081627e-02,2.014652014652014711e-01
7.081807081807081627e-02,2.069597069597069461e-01
7.142857142857142461e-02,2.069597069597069461e-01
7.142857142857142461e-02,2.106227106227106238e-01
7.387057387057387181e-02,2.106227106227106238e-01
7.387057387057387181e-02,2.124542124542124488e-01
7.448107448107448014e-02,2.124542124542124488e-01
7.448107448107448014e-02,2.179487179487179516e-01
7.997557997557996901e-02,2.179487179487179516e-01
7.997557997557996901e-02,2.197802197802197766e-01
8.119658119658119955e-02,2.197802197802197766e-01
8.119658119658119955e-02,2.252747252747252793e-01
8.180708180708180788e-02,2.252747252747252793e-01
8.180708180708180788e-02,2.271062271062271043e-01
8.241758241758241621e-02,2.271062271062271043e-01
8.241758241758241621e-02,2.289377289377289293e-01
8.424908424908425508e-02,2.289377289377289293e-01
8.424908424908425508e-02,2.307692307692307820e-01
8.608058608058608008e-02,2.307692307692307820e-01
8.608058608058608008e-02,2.326007326007326070e-01
8.669108669108668841e-02,2.326007326007326070e-01
8.669108669108668841e-02,2.344322344322344320e-01
8.974358974358974395e-02,2.344322344322344320e-01
8.974358974358974395e-02,2.362637362637362570e-01
9.218559218559219115e-02,2.362637362637362570e-01
9.218559218559219115e-02,2.380952380952380820e-01
9.340659340659340781e-02,2.380952380952380820e-01
9.340659340659340781e-02,2.417582417582417598e-01
9.645909645909646335e-02,2.417582417582417598e-01
9.645909645909646335e-02,2.454212454212454098e-01
9.706959706959707168e-02,2.454212454212454098e-01
9.706959706959707168e-02,2.472527472527472625e-01
1.050061050061050077e-01,2.472527472527472625e-01
1.050061050061050077e-01,2.490842490842490875e-01
1.056166056166056161e-01,2.490842490842490875e-01
1.056166056166056161e-01,2.509157509157509125e-01
1.062271062271062244e-01,2.509157509157509125e-01
1.062271062271062244e-01,2.527472527472527375e-01
1.068376068376068327e-01,2.527472527472527375e-01
1.068376068376068327e-01,2.582417582417582680e-01
1.086691086691086716e-01,2.582417582417582680e-01
1.086691086691086716e-01,2.600732600732600930e-01
1.117216117216117272e-01,2.600732600732600930e-01
1.117216117216117272e-01,2.619047619047619180e-01
1.123321123321123355e-01,2.619047619047619180e-01
1.123321123321123355e-01,2.637362637362637430e-01
1.129426129426129438e-01,2.637362637362637430e-01
1.129426129426129438e-01,2.655677655677655680e-01
1.147741147741147688e-01,2.655677655677655680e-01
1.147741147741147688e-01,2.692307692307692180e-01
1.153846153846153910e-01,2.692307692307692180e-01
1.153846153846153910e-01,2.710622710622710430e-01
1.166056166056166077e-01,2.710622710622710430e-01
1.166056166056166077e-01,2.728937728937728679e-01
1.178266178266178243e-01,2.728937728937728679e-01
1.178266178266178243e-01,2.747252747252747485e-01
1.184371184371184327e-01,2.747252747252747485e-01
1.184371184371184327e-01,2.820512820512820484e-01
1.190476190476190410e-01,2.820512820512820484e-01
1.190476190476190410e-01,2.838827838827838734e-01
1.227106227106227049e-01,2.838827838827838734e-01
1.227106227106227049e-01,2.857142857142856984e-01
1.239316239316239354e-01,2.857142857142856984e-01
1.239316239316239354e-01,2.875457875457875234e-01
1.251526251526251521e-01,2.875457875457875234e-01
1.251526251526251521e-01,2.893772893772894039e-01
1.269841269841269771e-01,2.893772893772894039e-01
1.269841269841269771e-01,2.912087912087912289e-01
1.282051282051281937e-01,2.912087912087912289e-01
1.282051282051281937e-01,2.930402930402930539e-01
1.288156288156288021e-01,2.930402930402930539e-01
1.288156288156288021e-01,3.021978021978021789e-01
1.294261294261294382e-01,3.021978021978021789e-01
1.294261294261294382e-01,3.058608058608058844e-01
1.318681318681318715e-01,3.058608058608058844e-01
1.318681318681318715e-01,3.113553113553113594e-01
1.324786324786324798e-01,3.113553113553113594e-01
1.324786324786324798e-01,3.186813186813186594e-01
1.367521367521367659e-01,3.186813186813186594e-01
1.367521367521367659e-01,3.205128205128205399e-01
1.379731379731379826e-01,3.205128205128205399e-01
1.379731379731379826e-01,3.260073260073260148e-01
1.391941391941391992e-01,3.260073260073260148e-01
1.391941391941391992e-01,3.278388278388278398e-01
1.404151404151404159e-01,3.278388278388278398e-01
1.404151404151404159e-01,3.296703296703296648e-01
1.416361416361416325e-01,3.296703296703296648e-01
1.416361416361416325e-01,3.315018315018314898e-01
1.422466422466422409e-01,3.315018315018314898e-01
1.422466422466422409e-01,3.333333333333333148e-01
1.434676434676434575e-01,3.333333333333333148e-01
1.434676434676434575e-01,3.351648351648351398e-01
1.446886446886447020e-01,3.351648351648351398e-01
1.446886446886447020e-01,3.369963369963370203e-01
1.483516483516483520e-01,3.369963369963370203e-01
1.483516483516483520e-01,3.388278388278388453e-01
1.501831501831501769e-01,3.388278388278388453e-01
1.501831501831501769e-01,3.424908424908424953e-01
1.514041514041513936e-01,3.424908424908424953e-01
1.514041514041513936e-01,3.461538461538461453e-01
1.532356532356532464e-01,3.461538461538461453e-01
1.532356532356532464e-01,3.479853479853479703e-01
1.538461538461538547e-01,3.479853479853479703e-01
1.538461538461538547e-01,3.516483516483516758e-01
1.544566544566544630e-01,3.516483516483516758e-01
1.556776556776556797e-01,3.516483516483516758e-01
1.562881562881562880e-01,3.516483516483516758e-01
1.562881562881562880e-01,3.534798534798535008e-01
1.568986568986568964e-01,3.534798534798535008e-01
1.568986568986568964e-01,3.553113553113553258e-01
1.575091575091575047e-01,3.553113553113553258e-01
1.575091575091575047e-01,3.571428571428571508e-01
1.587301587301587213e-01,3.571428571428571508e-01
1.587301587301587213e-01,3.589743589743589758e-01
1.605616605616605741e-01,3.589743589743589758e-01
1.617826617826617908e-01,3.589743589743589758e-01
1.642246642246642241e-01,3.589743589743589758e-01
1.642246642246642241e-01,3.626373626373626258e-01
1.648351648351648324e-01,3.626373626373626258e-01
1.648351648351648324e-01,3.681318681318681563e-01
1.666666666666666574e-01,3.681318681318681563e-01
1.666666666666666574e-01,3.736263736263736313e-01
1.691086691086691185e-01,3.736263736263736313e-01
1.691086691086691185e-01,3.772893772893772812e-01
1.703296703296703352e-01,3.772893772893772812e-01
1.703296703296703352e-01,3.791208791208791062e-01
1.739926739926739852e-01,3.791208791208791062e-01
1.752136752136752018e-01,3.791208791208791062e-01
1.758241758241758379e-01,3.791208791208791062e-01
1.758241758241758379e-01,3.809523809523809312e-01
1.770451770451770546e-01,3.809523809523809312e-01
1.770451770451770546e-01,3.846153846153846367e-01
1.782661782661782712e-01,3.846153846153846367e-01
1.782661782661782712e-01,3.937728937728937617e-01
1.788766788766788796e-01,3.937728937728937617e-01
1.788766788766788796e-01,3.992673992673992922e-01
1.825396825396825295e-01,3.992673992673992922e-01
1.825396825396825295e-01,4.010989010989011172e-01
1.837606837606837740e-01,4.010989010989011172e-01
1.837606837606837740e-01,4.047619047619047672e-01
1.862026862026862073e-01,4.047619047619047672e-01
1.862026862026862073e-01,4.065934065934065922e-01
1.874236874236874240e-01,4.065934065934065922e-01
1.874236874236874240e-01,4.084249084249084172e-01
1.892551892551892490e-01,4.084249084249084172e-01
1.892551892551892490e-01,4.102564102564102422e-01
1.904761904761904656e-01,4.102564102564102422e-01
1.904761904761904656e-01,4.120879120879120672e-01
1.916971916971917100e-01,4.120879120879120672e-01
1.916971916971917100e-01,4.157509157509157727e-01
1.935286935286935350e-01,4.157509157509157727e-01
1.935286935286935350e-01,4.175824175824175977e-01
1.978021978021977934e-01,4.175824175824175977e-01
1.978021978021977934e-01,4.212454212454212477e-01
1.990231990231990100e-01,4.212454212454212477e-01
1.990231990231990100e-01,4.249084249084248976e-01
2.045177045177045128e-01,4.249084249084248976e-01
2.045177045177045128e-01,4.304029304029304281e-01
2.069597069597069461e-01,4.304029304029304281e-01
2.069597069597069461e-01,4.322344322344322531e-01
2.087912087912087988e-01,4.322344322344322531e-01
2.087912087912087988e-01,4.340659340659340781e-01
2.100122100122100155e-01,4.340659340659340781e-01
2.100122100122100155e-01,4.358974358974359031e-01
2.124542124542124488e-01,4.358974358974359031e-01
2.124542124542124488e-01,4.377289377289377281e-01
2.130647130647130572e-01,4.377289377289377281e-01
2.130647130647130572e-01,4.413919413919413781e-01
2.136752136752136655e-01,4.413919413919413781e-01
2.136752136752136655e-01,4.432234432234432031e-01
2.148962148962149099e-01,4.432234432234432031e-01
2.148962148962149099e-01,4.450549450549450281e-01
2.167277167277167349e-01,4.450549450549450281e-01
2.167277167277167349e-01,4.468864468864469086e-01
2.185592185592185599e-01,4.468864468864469086e-01
2.185592185592185599e-01,4.487179487179487336e-01
2.234432234432234543e-01,4.487179487179487336e-01
2.234432234432234543e-01,4.505494505494505586e-01
2.271062271062271043e-01,4.505494505494505586e-01
2.271062271062271043e-01,4.523809523809523836e-01
2.277167277167277126e-01,4.523809523809523836e-01
2.277167277167277126e-01,4.542124542124542086e-01
2.283272283272283210e-01,4.542124542124542086e-01
2.283272283272283210e-01,4.578754578754578586e-01
2.289377289377289293e-01,4.578754578754578586e-01
2.289377289377289293e-01,4.597069597069596836e-01
2.307692307692307820e-01,4.597069597069596836e-01
2.307692307692307820e-01,4.615384615384615641e-01
2.319902319902319987e-01,4.615384615384615641e-01
2.319902319902319987e-01,4.633699633699633891e-01
2.326007326007326070e-01,4.633699633699633891e-01
2.326007326007326070e-01,4.652014652014652141e-01
2.350427350427350404e-01,4.652014652014652141e-01
2.350427350427350404e-01,4.688644688644688641e-01
2.380952380952380820e-01,4.688644688644688641e-01
2.380952380952380820e-01,4.725274725274725141e-01
2.393162393162393264e-01,4.725274725274725141e-01
2.393162393162393264e-01,4.743589743589743390e-01
2.435897435897435848e-01,4.743589743589743390e-01
2.435897435897435848e-01,4.761904761904761640e-01
2.448107448107448014e-01,4.761904761904761640e-01
2.448107448107448014e-01,4.780219780219780445e-01
2.478632478632478708e-01,4.780219780219780445e-01
2.478632478632478708e-01,4.798534798534798695e-01
2.484737484737484792e-01,4.798534798534798695e-01
2.484737484737484792e-01,4.835164835164835195e-01
2.490842490842490875e-01,4.835164835164835195e-01
2.490842490842490875e-01,4.890109890109889945e-01
2.496947496947496958e-01,4.890109890109889945e-01
2.496947496947496958e-01,4.908424908424908195e-01
2.515262515262515208e-01,4.908424908424908195e-01
2.515262515262515208e-01,4.926739926739927000e-01
2.521367521367521292e-01,4.926739926739927000e-01
2.521367521367521292e-01,4.963369963369963500e-01
2.527472527472527375e-01,4.963369963369963500e-01
2.527472527472527375e-01,4.981684981684981750e-01
2.533577533577533458e-01,4.981684981684981750e-01
2.533577533577533458e-01,5.018315018315018250e-01
2.545787545787545625e-01,5.018315018315018250e-01
2.545787545787545625e-01,5.036630036630036500e-01
2.570207570207569958e-01,5.036630036630036500e-01
2.570207570207569958e-01,5.054945054945054750e-01
2.582417582417582680e-01,5.054945054945054750e-01
2.582417582417582680e-01,5.091575091575091250e-01
2.625152625152625263e-01,5.091575091575091250e-01
2.625152625152625263e-01,5.109890109890109500e-01
2.643467643467643513e-01,5.109890109890109500e-01
2.643467643467643513e-01,5.128205128205127750e-01
2.649572649572649596e-01,5.128205128205127750e-01
2.649572649572649596e-01,5.146520146520146000e-01
2.728937728937728679e-01,5.146520146520146000e-01
2.728937728937728679e-01,5.164835164835165360e-01
2.747252747252747485e-01,5.164835164835165360e-01
2.747252747252747485e-01,5.219780219780220110e-01
2.759462759462759651e-01,5.219780219780220110e-01
2.759462759462759651e-01,5.238095238095238360e-01
2.826617826617826568e-01,5.238095238095238360e-01
2.826617826617826568e-01,5.256410256410256610e-01
2.844932844932844818e-01,5.256410256410256610e-01
2.844932844932844818e-01,5.274725274725274859e-01
2.851037851037850901e-01,5.274725274725274859e-01
2.851037851037850901e-01,5.293040293040293109e-01
2.881562881562881318e-01,5.293040293040293109e-01
2.881562881562881318e-01,5.311355311355311359e-01
2.912087912087912289e-01,5.311355311355311359e-01
2.912087912087912289e-01,5.329670329670329609e-01
2.924297924297924456e-01,5.329670329670329609e-01
2.924297924297924456e-01,5.347985347985347859e-01
2.936507936507936622e-01,5.347985347985347859e-01
2.936507936507936622e-01,5.402930402930402609e-01
2.948717948717948789e-01,5.402930402930402609e-01
2.948717948717948789e-01,5.421245421245420859e-01
2.973137973137973122e-01,5.421245421245420859e-01
2.973137973137973122e-01,5.439560439560439109e-01
3.015873015873015706e-01,5.439560439560439109e-01
3.015873015873015706e-01,5.457875457875457359e-01
3.034188034188033956e-01,5.457875457875457359e-01
3.034188034188033956e-01,5.476190476190476719e-01
3.089133089133089261e-01,5.476190476190476719e-01
3.089133089133089261e-01,5.512820512820513219e-01
3.101343101343101427e-01,5.512820512820513219e-01
3.101343101343101427e-01,5.549450549450549719e-01
3.162393162393162260e-01,5.549450549450549719e-01
3.162393162393162260e-01,5.567765567765567969e-01
3.174603174603174427e-01,5.567765567765567969e-01
3.174603174603174427e-01,5.586080586080586219e-01
3.180708180708180510e-01,5.586080586080586219e-01
3.180708180708180510e-01,5.604395604395604469e-01
3.205128205128205399e-01,5.604395604395604469e-01
3.205128205128205399e-01,5.641025641025640969e-01
3.211233211233211482e-01,5.641025641025640969e-01
3.211233211233211482e-01,5.659340659340659219e-01
3.223443223443223649e-01,5.659340659340659219e-01
3.223443223443223649e-01,5.677655677655677469e-01
3.253968253968254065e-01,5.677655677655677469e-01
3.253968253968254065e-01,5.695970695970695719e-01
3.284493284493284482e-01,5.695970695970695719e-01
3.284493284493284482e-01,5.714285714285713969e-01
3.302808302808302732e-01,5.714285714285713969e-01
3.302808302808302732e-01,5.750915750915750468e-01
3.308913308913308815e-01,5.750915750915750468e-01
3.308913308913308815e-01,5.769230769230768718e-01
3.327228327228327065e-01,5.769230769230768718e-01
3.327228327228327065e-01,5.787545787545788079e-01
3.345543345543345315e-01,5.787545787545788079e-01
3.345543345543345315e-01,5.842490842490842828e-01
3.351648351648351398e-01,5.842490842490842828e-01
3.351648351648351398e-01,5.860805860805861078e-01
3.369963369963370203e-01,5.860805860805861078e-01
3.369963369963370203e-01,5.897435897435897578e-01
3.406593406593406703e-01,5.897435897435897578e-01
3.406593406593406703e-01,5.934065934065934078e-01
3.412698412698412787e-01,5.934065934065934078e-01
3.412698412698412787e-01,5.989010989010988828e-01
3.424908424908424953e-01,5.989010989010988828e-01
3.424908424908424953e-01,6.025641025641025328e-01
3.449328449328449286e-01,6.025641025641025328e-01
3.449328449328449286e-01,6.043956043956043578e-01
3.461538461538461453e-01,6.043956043956043578e-01
3.461538461538461453e-01,6.080586080586080078e-01
3.467643467643467536e-01,6.080586080586080078e-01
3.467643467643467536e-01,6.098901098901099438e-01
3.485958485958485786e-01,6.098901098901099438e-01
3.485958485958485786e-01,6.153846153846154188e-01
3.510378510378510120e-01,6.153846153846154188e-01
3.510378510378510120e-01,6.172161172161172438e-01
3.608058608058608008e-01,6.172161172161172438e-01
3.608058608058608008e-01,6.190476190476190688e-01
3.656898656898656674e-01,6.190476190476190688e-01
3.656898656898656674e-01,6.227106227106227188e-01
3.669108669108668841e-01,6.227106227106227188e-01
3.669108669108668841e-01,6.245421245421245438e-01
3.687423687423687646e-01,6.245421245421245438e-01
3.687423687423687646e-01,6.263736263736263687e-01
3.797313797313797146e-01,6.263736263736263687e-01
3.797313797313797146e-01,6.282051282051281937e-01
3.907203907203907201e-01,6.282051282051281937e-01
3.907203907203907201e-01,6.300366300366300187e-01
3.919413919413919367e-01,6.300366300366300187e-01
3.919413919413919367e-01,6.318681318681318437e-01
3.956043956043955867e-01,6.318681318681318437e-01
3.956043956043955867e-01,6.336996336996336687e-01
3.980463980463980200e-01,6.336996336996336687e-01
3.980463980463980200e-01,6.391941391941391437e-01
4.004884004884005089e-01,6.391941391941391437e-01
4.004884004884005089e-01,6.410256410256410797e-01
4.023199023199023339e-01,6.410256410256410797e-01
4.023199023199023339e-01,6.428571428571429047e-01
4.053724053724053755e-01,6.428571428571429047e-01
4.053724053724053755e-01,6.483516483516483797e-01
4.102564102564102422e-01,6.483516483516483797e-01
4.102564102564102422e-01,6.501831501831502047e-01
4.126984126984126755e-01,6.501831501831502047e-01
4.126984126984126755e-01,6.520146520146520297e-01
4.145299145299145560e-01,6.520146520146520297e-01
4.145299145299145560e-01,6.538461538461538547e-01
4.151404151404151643e-01,6.538461538461538547e-01
4.151404151404151643e-01,6.556776556776556797e-01
4.169719169719169893e-01,6.556776556776556797e-01
4.169719169719169893e-01,6.575091575091575047e-01
4.175824175824175977e-01,6.575091575091575047e-01
4.175824175824175977e-01,6.611721611721611547e-01
4.181929181929182060e-01,6.611721611721611547e-01
4.181929181929182060e-01,6.684981684981684547e-01
4.194139194139194227e-01,6.684981684981684547e-01
4.194139194139194227e-01,6.703296703296702796e-01
4.261294261294261143e-01,6.703296703296702796e-01
4.261294261294261143e-01,6.721611721611722157e-01
4.297924297924298198e-01,6.721611721611722157e-01
4.297924297924298198e-01,6.739926739926740407e-01
4.328449328449328615e-01,6.739926739926740407e-01
4.328449328449328615e-01,6.758241758241758657e-01
4.334554334554334698e-01,6.758241758241758657e-01
4.334554334554334698e-01,6.776556776556776907e-01
4.365079365079365115e-01,6.776556776556776907e-01
4.365079365079365115e-01,6.794871794871795156e-01
4.468864468864469086e-01,6.794871794871795156e-01
4.468864468864469086e-01,6.813186813186813406e-01
4.481074481074481253e-01,6.813186813186813406e-01
4.493284493284493419e-01,6.813186813186813406e-01
4.493284493284493419e-01,6.831501831501831656e-01
4.529914529914529919e-01,6.831501831501831656e-01
4.529914529914529919e-01,6.849816849816849906e-01
4.590964590964590752e-01,6.849816849816849906e-01
4.590964590964590752e-01,6.868131868131868156e-01
4.658119658119658224e-01,6.868131868131868156e-01
4.670329670329670391e-01,6.868131868131868156e-01
4.676434676434676474e-01,6.868131868131868156e-01
4.676434676434676474e-01,6.886446886446886406e-01
4.725274725274725141e-01,6.886446886446886406e-01
4.725274725274725141e-01,6.904761904761904656e-01
4.749694749694749474e-01,6.904761904761904656e-01
4.749694749694749474e-01,6.941391941391941156e-01
4.755799755799755557e-01,6.941391941391941156e-01
4.755799755799755557e-01,6.959706959706959406e-01
4.761904761904761640e-01,6.959706959706959406e-01
4.761904761904761640e-01,6.978021978021977656e-01
4.774114774114774362e-01,6.978021978021977656e-01
4.774114774114774362e-01,6.996336996336995906e-01
4.780219780219780445e-01,6.996336996336995906e-01
4.780219780219780445e-01,7.014652014652014156e-01
4.798534798534798695e-01,7.014652014652014156e-01
4.798534798534798695e-01,7.032967032967033516e-01
4.829059829059829112e-01,7.032967032967033516e-01
4.829059829059829112e-01,7.051282051282051766e-01
4.865689865689865612e-01,7.051282051282051766e-01
4.865689865689865612e-01,7.069597069597070016e-01
4.877899877899877779e-01,7.069597069597070016e-01
4.877899877899877779e-01,7.106227106227106516e-01
4.902319902319902112e-01,7.106227106227106516e-01
4.902319902319902112e-01,7.124542124542124766e-01
4.908424908424908195e-01,7.124542124542124766e-01
4.908424908424908195e-01,7.161172161172161266e-01
4.932844932844933084e-01,7.161172161172161266e-01
4.932844932844933084e-01,7.179487179487179516e-01
4.938949938949939167e-01,7.179487179487179516e-01
4.938949938949939167e-01,7.197802197802197766e-01
4.945054945054945250e-01,7.197802197802197766e-01
4.945054945054945250e-01,7.216117216117216016e-01
4.951159951159951333e-01,7.216117216117216016e-01
4.951159951159951333e-01,7.234432234432234265e-01
5.012210012210012167e-01,7.234432234432234265e-01
5.012210012210012167e-01,7.271062271062270765e-01
5.024420024420024333e-01,7.271062271062270765e-01
5.024420024420024333e-01,7.289377289377289015e-01
5.030525030525030417e-01,7.289377289377289015e-01
5.030525030525030417e-01,7.307692307692307265e-01
5.054945054945054750e-01,7.307692307692307265e-01
5.054945054945054750e-01,7.326007326007325515e-01
5.103785103785103416e-01,7.326007326007325515e-01
5.103785103785103416e-01,7.344322344322344875e-01
5.146520146520146000e-01,7.344322344322344875e-01
5.146520146520146000e-01,7.380952380952381375e-01
5.164835164835165360e-01,7.380952380952381375e-01
5.164835164835165360e-01,7.399267399267399625e-01
5.170940170940171443e-01,7.399267399267399625e-01
5.170940170940171443e-01,7.417582417582417875e-01
5.219780219780220110e-01,7.417582417582417875e-01
5.219780219780220110e-01,7.435897435897436125e-01
5.238095238095238360e-01,7.435897435897436125e-01
5.238095238095238360e-01,7.454212454212454375e-01
5.256410256410256610e-01,7.454212454212454375e-01
5.256410256410256610e-01,7.472527472527472625e-01
5.274725274725274859e-01,7.472527472527472625e-01
5.274725274725274859e-01,7.490842490842490875e-01
5.335775335775335693e-01,7.490842490842490875e-01
5.335775335775335693e-01,7.509157509157509125e-01
5.347985347985347859e-01,7.509157509157509125e-01
5.347985347985347859e-01,7.527472527472527375e-01
5.360195360195360026e-01,7.527472527472527375e-01
5.360195360195360026e-01,7.545787545787545625e-01
5.409035409035408692e-01,7.545787545787545625e-01
5.409035409035408692e-01,7.564102564102563875e-01
5.427350427350426942e-01,7.564102564102563875e-01
5.427350427350426942e-01,7.582417582417582125e-01
5.518925518925519302e-01,7.582417582417582125e-01
5.518925518925519302e-01,7.600732600732600375e-01
5.561660561660561886e-01,7.600732600732600375e-01
5.561660561660561886e-01,7.619047619047618625e-01
5.598290598290598385e-01,7.619047619047618625e-01
5.598290598290598385e-01,7.637362637362636875e-01
5.610500610500610552e-01,7.637362637362636875e-01
5.610500610500610552e-01,7.655677655677655125e-01
5.659340659340659219e-01,7.655677655677655125e-01
5.659340659340659219e-01,7.673992673992674485e-01
5.677655677655677469e-01,7.673992673992674485e-01
5.677655677655677469e-01,7.692307692307692735e-01
5.689865689865689635e-01,7.692307692307692735e-01
5.689865689865689635e-01,7.728937728937729235e-01
5.695970695970695719e-01,7.728937728937729235e-01
5.695970695970695719e-01,7.747252747252747485e-01
5.702075702075701802e-01,7.747252747252747485e-01
5.702075702075701802e-01,7.765567765567765735e-01
5.708180708180707885e-01,7.765567765567765735e-01
5.720390720390720052e-01,7.765567765567765735e-01
5.720390720390720052e-01,7.783882783882783984e-01
5.732600732600732218e-01,7.783882783882783984e-01
5.732600732600732218e-01,7.820512820512820484e-01
5.744810744810744385e-01,7.820512820512820484e-01
5.744810744810744385e-01,7.838827838827838734e-01
5.775335775335774802e-01,7.838827838827838734e-01
5.775335775335774802e-01,7.875457875457875234e-01
5.793650793650794162e-01,7.875457875457875234e-01
5.793650793650794162e-01,7.912087912087911734e-01
5.818070818070818495e-01,7.912087912087911734e-01
5.818070818070818495e-01,7.930402930402929984e-01
5.836385836385836745e-01,7.930402930402929984e-01
5.836385836385836745e-01,7.948717948717948234e-01
5.842490842490842828e-01,7.948717948717948234e-01
5.842490842490842828e-01,7.967032967032966484e-01
5.873015873015873245e-01,7.967032967032966484e-01
5.873015873015873245e-01,8.003663003663004094e-01
5.903540903540903662e-01,8.003663003663004094e-01
5.903540903540903662e-01,8.021978021978022344e-01
5.909645909645909745e-01,8.021978021978022344e-01
5.909645909645909745e-01,8.076923076923077094e-01
5.927960927960927995e-01,8.076923076923077094e-01
5.927960927960927995e-01,8.095238095238095344e-01
5.946275946275946245e-01,8.095238095238095344e-01
5.946275946275946245e-01,8.113553113553113594e-01
6.098901098901099438e-01,8.113553113553113594e-01
6.098901098901099438e-01,8.131868131868131844e-01
6.117216117216117688e-01,8.131868131868131844e-01
6.117216117216117688e-01,8.150183150183150094e-01
6.135531135531135938e-01,8.150183150183150094e-01
6.135531135531135938e-01,8.168498168498168344e-01
6.233211233211233271e-01,8.168498168498168344e-01
6.233211233211233271e-01,8.186813186813186594e-01
6.263736263736263687e-01,8.186813186813186594e-01
6.263736263736263687e-01,8.205128205128204844e-01
6.294261294261294104e-01,8.205128205128204844e-01
6.306471306471306271e-01,8.205128205128204844e-01
6.367521367521367104e-01,8.205128205128204844e-01
6.367521367521367104e-01,8.223443223443223093e-01
6.373626373626373187e-01,8.223443223443223093e-01
6.373626373626373187e-01,8.241758241758241343e-01
6.410256410256410797e-01,8.241758241758241343e-01
6.410256410256410797e-01,8.260073260073259593e-01
6.434676434676435131e-01,8.260073260073259593e-01
6.434676434676435131e-01,8.278388278388277843e-01
6.477411477411477714e-01,8.278388278388277843e-01
6.477411477411477714e-01,8.333333333333333703e-01
6.483516483516483797e-01,8.333333333333333703e-01
6.483516483516483797e-01,8.351648351648351953e-01
6.532356532356532464e-01,8.351648351648351953e-01
6.532356532356532464e-01,8.369963369963370203e-01
6.544566544566544630e-01,8.369963369963370203e-01
6.544566544566544630e-01,8.388278388278388453e-01
6.550671550671550714e-01,8.388278388278388453e-01
6.550671550671550714e-01,8.406593406593406703e-01
6.556776556776556797e-01,8.406593406593406703e-01
6.556776556776556797e-01,8.424908424908424953e-01
6.642246642246641963e-01,8.424908424908424953e-01
6.642246642246641963e-01,8.461538461538461453e-01
6.654456654456654130e-01,8.461538461538461453e-01
6.654456654456654130e-01,8.479853479853479703e-01
6.660561660561660213e-01,8.479853479853479703e-01
6.660561660561660213e-01,8.516483516483516203e-01
6.691086691086690630e-01,8.516483516483516203e-01
6.691086691086690630e-01,8.534798534798534453e-01
6.746031746031746490e-01,8.534798534798534453e-01
6.746031746031746490e-01,8.571428571428570953e-01
6.764346764346764740e-01,8.571428571428570953e-01
6.776556776556776907e-01,8.571428571428570953e-01
6.776556776556776907e-01,8.589743589743589203e-01
6.788766788766789073e-01,8.589743589743589203e-01
6.788766788766789073e-01,8.608058608058608563e-01
6.794871794871795156e-01,8.608058608058608563e-01
6.794871794871795156e-01,8.626373626373626813e-01
6.868131868131868156e-01,8.626373626373626813e-01
6.868131868131868156e-01,8.644688644688645063e-01
6.904761904761904656e-01,8.644688644688645063e-01
6.904761904761904656e-01,8.663003663003663313e-01
6.916971916971916823e-01,8.663003663003663313e-01
6.916971916971916823e-01,8.681318681318681563e-01
6.929181929181928989e-01,8.681318681318681563e-01
6.929181929181928989e-01,8.699633699633699813e-01
6.935286935286935073e-01,8.699633699633699813e-01
6.935286935286935073e-01,8.717948717948718063e-01
6.947496947496947239e-01,8.717948717948718063e-01
6.947496947496947239e-01,8.736263736263736313e-01
6.959706959706959406e-01,8.736263736263736313e-01
6.959706959706959406e-01,8.754578754578754562e-01
7.020757020757020239e-01,8.754578754578754562e-01
7.020757020757020239e-01,8.791208791208791062e-01
7.051282051282051766e-01,8.791208791208791062e-01
7.051282051282051766e-01,8.809523809523809312e-01
7.087912087912088266e-01,8.809523809523809312e-01
7.087912087912088266e-01,8.827838827838827562e-01
7.094017094017094349e-01,8.827838827838827562e-01
7.094017094017094349e-01,8.846153846153845812e-01
7.106227106227106516e-01,8.846153846153845812e-01
7.106227106227106516e-01,8.864468864468864062e-01
7.142857142857143016e-01,8.864468864468864062e-01
7.142857142857143016e-01,8.882783882783882312e-01
7.167277167277167349e-01,8.882783882783882312e-01
7.167277167277167349e-01,8.901098901098900562e-01
7.173382173382173432e-01,8.901098901098900562e-01
7.173382173382173432e-01,8.919413919413919922e-01
7.222222222222222099e-01,8.919413919413919922e-01
7.222222222222222099e-01,8.937728937728938172e-01
7.228327228327228182e-01,8.937728937728938172e-01
7.228327228327228182e-01,8.956043956043956422e-01
7.240537240537240349e-01,8.956043956043956422e-01
7.240537240537240349e-01,8.992673992673992922e-01
7.252747252747252515e-01,8.992673992673992922e-01
7.252747252747252515e-01,9.010989010989011172e-01
7.271062271062270765e-01,9.010989010989011172e-01
7.271062271062270765e-01,9.029304029304029422e-01
7.344322344322344875e-01,9.029304029304029422e-01
7.344322344322344875e-01,9.065934065934065922e-01
7.356532356532357042e-01,9.065934065934065922e-01
7.356532356532357042e-01,9.084249084249084172e-01
7.484737484737484792e-01,9.084249084249084172e-01
7.484737484737484792e-01,9.102564102564102422e-01
7.490842490842490875e-01,9.102564102564102422e-01
7.490842490842490875e-01,9.120879120879120672e-01
7.503052503052503042e-01,9.120879120879120672e-01
7.503052503052503042e-01,9.157509157509157172e-01
7.509157509157509125e-01,9.157509157509157172e-01
7.509157509157509125e-01,9.175824175824175422e-01
7.606837606837606458e-01,9.175824175824175422e-01
7.606837606837606458e-01,9.194139194139193672e-01
7.643467643467642958e-01,9.194139194139193672e-01
7.643467643467642958e-01,9.212454212454211921e-01
7.661782661782662318e-01,9.212454212454211921e-01
7.661782661782662318e-01,9.230769230769231282e-01
7.686202686202686651e-01,9.230769230769231282e-01
7.686202686202686651e-01,9.249084249084249532e-01
7.765567765567765735e-01,9.249084249084249532e-01
7.765567765567765735e-01,9.285714285714286031e-01
7.863247863247863068e-01,9.285714285714286031e-01
7.863247863247863068e-01,9.304029304029304281e-01
7.881562881562881318e-01,9.304029304029304281e-01
7.881562881562881318e-01,9.322344322344322531e-01
7.899877899877899567e-01,9.322344322344322531e-01
7.912087912087911734e-01,9.322344322344322531e-01
7.948717948717948234e-01,9.322344322344322531e-01
7.948717948717948234e-01,9.340659340659340781e-01
7.960927960927960401e-01,9.340659340659340781e-01
7.960927960927960401e-01,9.358974358974359031e-01
7.979242979242979761e-01,9.358974358974359031e-01
7.979242979242979761e-01,9.395604395604395531e-01
7.997557997557998011e-01,9.395604395604395531e-01
7.997557997557998011e-01,9.413919413919413781e-01
8.046398046398046677e-01,9.413919413919413781e-01
8.046398046398046677e-01,9.432234432234432031e-01
8.095238095238095344e-01,9.432234432234432031e-01
8.095238095238095344e-01,9.468864468864468531e-01
8.101343101343101427e-01,9.468864468864468531e-01
8.101343101343101427e-01,9.487179487179486781e-01
8.199023199023198760e-01,9.487179487179486781e-01
8.199023199023198760e-01,9.505494505494505031e-01
8.278388278388277843e-01,9.505494505494505031e-01
8.278388278388277843e-01,9.542124542124542641e-01
8.284493284493285037e-01,9.542124542124542641e-01
8.284493284493285037e-01,9.560439560439560891e-01
8.339438339438339787e-01,9.560439560439560891e-01
8.339438339438339787e-01,9.578754578754579141e-01
8.345543345543345870e-01,9.578754578754579141e-01
8.345543345543345870e-01,9.597069597069597391e-01
8.400488400488400620e-01,9.597069597069597391e-01
8.400488400488400620e-01,9.615384615384615641e-01
8.418803418803418870e-01,9.615384615384615641e-01
8.418803418803418870e-01,9.633699633699633891e-01
8.467643467643467536e-01,9.633699633699633891e-01
8.467643467643467536e-01,9.652014652014652141e-01
8.485958485958485786e-01,9.652014652014652141e-01
8.485958485958485786e-01,9.670329670329670391e-01
8.504273504273504036e-01,9.670329670329670391e-01
8.504273504273504036e-01,9.688644688644688641e-01
8.559218559218558786e-01,9.688644688644688641e-01
8.559218559218558786e-01,9.706959706959706891e-01
8.638583638583638979e-01,9.706959706959706891e-01
8.638583638583638979e-01,9.725274725274725141e-01
8.778998778998778896e-01,9.725274725274725141e-01
8.778998778998778896e-01,9.743589743589743390e-01
8.809523809523809312e-01,9.743589743589743390e-01
8.809523809523809312e-01,9.761904761904761640e-01
8.815628815628815396e-01,9.761904761904761640e-01
8.815628815628815396e-01,9.780219780219779890e-01
8.821733821733821479e-01,9.780219780219779890e-01
8.821733821733821479e-01,9.798534798534798140e-01
8.840048840048839729e-01,9.798534798534798140e-01
8.840048840048839729e-01,9.816849816849816390e-01
8.846153846153845812e-01,9.816849816849816390e-01
8.846153846153845812e-01,9.835164835164834640e-01
8.888888888888888395e-01,9.835164835164834640e-01
8.888888888888888395e-01,9.871794871794872250e-01
8.931623931623932089e-01,9.871794871794872250e-01
8.931623931623932089e-01,9.890109890109890500e-01
8.956043956043956422e-01,9.890109890109890500e-01
8.956043956043956422e-01,9.908424908424908750e-01
8.968253968253968589e-01,9.908424908424908750e-01
8.968253968253968589e-01,9.926739926739927000e-01
9.090354090354090255e-01,9.926739926739927000e-01
9.090354090354090255e-01,9.945054945054945250e-01
9.230769230769231282e-01,9.945054945054945250e-01
9.230769230769231282e-01,9.963369963369963500e-01
9.304029304029304281e-01,9.963369963369963500e-01
9.304029304029304281e-01,9.981684981684981750e-01
9.371184371184371198e-01,9.981684981684981750e-01
9.371184371184371198e-01,1.000000000000000000e+00
9.755799755799755557e-01,1.000000000000000000e+00
9.768009768009767724e-01,1.000000000000000000e+00
1.000000000000000000e+00,1.000000000000000000e+00
