FPR,TPR
0.000000000000000000e+00,0.000000000000000000e+00
0.000000000000000000e+00,2.150537634408602149e-03
0.000000000000000000e+00,6.451612903225806446e-03
7.168458781362007162e-04,6.451612903225806446e-03
7.168458781362007162e-04,2.580645161290322578e-02
2.867383512544802865e-03,2.580645161290322578e-02
2.867383512544802865e-03,3.225806451612903136e-02
6.451612903225806446e-03,3.225806451612903136e-02
6.451612903225806446e-03,3.655913978494623739e-02
7.168458781362007162e-03,3.655913978494623739e-02
7.168458781362007162e-03,4.731182795698924554e-02
8.602150537634408595e-03,4.731182795698924554e-02
8.602150537634408595e-03,4.946236559139784855e-02
9.318996415770610178e-03,4.946236559139784855e-02
9.318996415770610178e-03,5.161290322580645157e-02
1.075268817204301161e-02,5.161290322580645157e-02
1.075268817204301161e-02,6.236559139784945971e-02
1.146953405017921146e-02,6.236559139784945971e-02
1.146953405017921146e-02,6.451612903225806273e-02
1.290322580645161289e-02,6.451612903225806273e-02
1.290322580645161289e-02,7.526881720430107781e-02
1.362007168458781448e-02,7.526881720430107781e-02
1.362007168458781448e-02,7.956989247311828384e-02
1.792114695340501704e-02,7.956989247311828384e-02
1.792114695340501704e-02,8.172043010752688685e-02
1.935483870967742021e-02,8.172043010752688685e-02
2.222222222222222307e-02,8.172043010752688685e-02
2.293906810035842292e-02,8.172043010752688685e-02
2.293906810035842292e-02,8.817204301075268202e-02
2.365591397849462277e-02,8.817204301075268202e-02
2.365591397849462277e-02,9.677419354838709409e-02
2.437275985663082609e-02,9.677419354838709409e-02
2.437275985663082609e-02,9.892473118279569710e-02
2.508960573476702594e-02,9.892473118279569710e-02
2.508960573476702594e-02,1.010752688172043001e-01
2.724014336917562895e-02,1.010752688172043001e-01
2.724014336917562895e-02,1.032258064516129031e-01
2.795698924731182880e-02,1.032258064516129031e-01
2.795698924731182880e-02,1.053763440860215062e-01
3.082437275985663166e-02,1.053763440860215062e-01
3.082437275985663166e-02,1.075268817204301092e-01
3.297491039426523468e-02,1.075268817204301092e-01
3.297491039426523468e-02,1.118279569892473152e-01
3.512544802867383770e-02,1.118279569892473152e-01
3.512544802867383770e-02,1.139784946236559182e-01
3.655913978494623739e-02,1.139784946236559182e-01
3.655913978494623739e-02,1.182795698924731242e-01
3.727598566308244071e-02,1.182795698924731242e-01
3.727598566308244071e-02,1.204301075268817273e-01
3.799283154121863709e-02,1.204301075268817273e-01
3.799283154121863709e-02,1.225806451612903164e-01
3.870967741935484041e-02,1.225806451612903164e-01
3.870967741935484041e-02,1.290322580645161255e-01
3.942652329749103679e-02,1.290322580645161255e-01
3.942652329749103679e-02,1.376344086021505375e-01
4.014336917562724011e-02,1.376344086021505375e-01
4.014336917562724011e-02,1.419354838709677435e-01
4.444444444444444614e-02,1.419354838709677435e-01
4.444444444444444614e-02,1.462365591397849496e-01
4.516129032258064252e-02,1.462365591397849496e-01
4.516129032258064252e-02,1.483870967741935387e-01
4.587813620071684584e-02,1.483870967741935387e-01
4.587813620071684584e-02,1.505376344086021556e-01
4.731182795698924554e-02,1.505376344086021556e-01
4.731182795698924554e-02,1.526881720430107447e-01
4.802867383512544885e-02,1.526881720430107447e-01
4.802867383512544885e-02,1.569892473118279508e-01
4.874551971326165217e-02,1.569892473118279508e-01
4.874551971326165217e-02,1.591397849462365677e-01
4.946236559139784855e-02,1.591397849462365677e-01
4.946236559139784855e-02,1.634408602150537737e-01
5.017921146953405187e-02,1.634408602150537737e-01
5.017921146953405187e-02,1.655913978494623628e-01
5.089605734767024825e-02,1.655913978494623628e-01
5.089605734767024825e-02,1.677419354838709797e-01
5.161290322580645157e-02,1.677419354838709797e-01
5.161290322580645157e-02,1.741935483870967749e-01
5.376344086021505458e-02,1.741935483870967749e-01
5.376344086021505458e-02,1.763440860215053640e-01
5.519713261648745428e-02,1.763440860215053640e-01
5.519713261648745428e-02,1.784946236559139809e-01
5.663082437275985398e-02,1.784946236559139809e-01
5.663082437275985398e-02,1.827956989247311870e-01
5.734767025089605730e-02,1.827956989247311870e-01
5.734767025089605730e-02,1.849462365591397761e-01
5.806451612903226062e-02,1.849462365591397761e-01
5.806451612903226062e-02,1.870967741935483930e-01
5.878136200716845700e-02,1.870967741935483930e-01
5.878136200716845700e-02,1.892473118279569821e-01
6.093189964157706001e-02,1.892473118279569821e-01
6.093189964157706001e-02,1.913978494623655990e-01
6.164874551971326333e-02,1.913978494623655990e-01
6.164874551971326333e-02,1.956989247311828051e-01
6.308243727598566997e-02,1.956989247311828051e-01
6.308243727598566997e-02,1.978494623655913942e-01
6.523297491039425910e-02,1.978494623655913942e-01
6.523297491039425910e-02,2.000000000000000111e-01
7.096774193548387177e-02,2.000000000000000111e-01
7.096774193548387177e-02,2.064516129032258063e-01
7.168458781362006815e-02,2.064516129032258063e-01
7.168458781362006815e-02,2.107526881720430123e-01
7.240143369175627841e-02,2.107526881720430123e-01
7.240143369175627841e-02,2.172043010752688075e-01
7.311827956989247479e-02,2.172043010752688075e-01
7.311827956989247479e-02,2.236559139784946304e-01
7.383512544802867117e-02,2.236559139784946304e-01
7.383512544802867117e-02,2.258064516129032195e-01
7.455197132616488143e-02,2.258064516129032195e-01
7.455197132616488143e-02,2.301075268817204256e-01
7.670250896057347056e-02,2.301075268817204256e-01
7.670250896057347056e-02,2.387096774193548376e-01
7.741935483870968082e-02,2.387096774193548376e-01
7.741935483870968082e-02,2.430107526881720437e-01
7.813620071684587720e-02,2.430107526881720437e-01
7.813620071684587720e-02,2.473118279569892497e-01
8.100358422939067660e-02,2.473118279569892497e-01
8.387096774193548987e-02,2.473118279569892497e-01
8.602150537634409289e-02,2.473118279569892497e-01
8.602150537634409289e-02,2.537634408602150726e-01
9.032258064516128504e-02,2.537634408602150726e-01
9.032258064516128504e-02,2.559139784946236618e-01
9.103942652329749530e-02,2.559139784946236618e-01
9.103942652329749530e-02,2.602150537634408400e-01
9.247311827956988806e-02,2.602150537634408400e-01
9.247311827956988806e-02,2.688172043010752521e-01
9.318996415770609831e-02,2.688172043010752521e-01
9.318996415770609831e-02,2.709677419354838968e-01
9.462365591397849107e-02,2.709677419354838968e-01
9.462365591397849107e-02,2.731182795698924859e-01
9.605734767025089771e-02,2.731182795698924859e-01
9.605734767025089771e-02,2.752688172043010750e-01
9.677419354838709409e-02,2.752688172043010750e-01
9.677419354838709409e-02,2.774193548387096642e-01
1.046594982078853098e-01,2.774193548387096642e-01
1.046594982078853098e-01,2.817204301075268980e-01
1.053763440860215062e-01,2.817204301075268980e-01
1.053763440860215062e-01,2.838709677419354871e-01
1.082437275985663055e-01,2.838709677419354871e-01
1.082437275985663055e-01,2.860215053763440762e-01
1.111111111111111049e-01,2.860215053763440762e-01
1.111111111111111049e-01,2.903225806451613100e-01
1.118279569892473152e-01,2.903225806451613100e-01
1.118279569892473152e-01,2.924731182795698992e-01
1.125448028673835116e-01,2.924731182795698992e-01
1.125448028673835116e-01,2.967741935483870774e-01
1.189964157706093206e-01,2.967741935483870774e-01
1.189964157706093206e-01,3.032258064516129004e-01
1.326164874551971351e-01,3.032258064516129004e-01
1.326164874551971351e-01,3.053763440860214895e-01
1.333333333333333315e-01,3.053763440860214895e-01
1.333333333333333315e-01,3.096774193548387233e-01
1.340501792114695279e-01,3.096774193548387233e-01
1.340501792114695279e-01,3.139784946236559016e-01
1.347670250896057242e-01,3.139784946236559016e-01
1.347670250896057242e-01,3.268817204301075474e-01
1.383512544802867339e-01,3.268817204301075474e-01
1.383512544802867339e-01,3.290322580645161366e-01
1.390681003584229303e-01,3.290322580645161366e-01
1.390681003584229303e-01,3.333333333333333148e-01
1.397849462365591267e-01,3.333333333333333148e-01
1.397849462365591267e-01,3.354838709677419595e-01
1.426523297491039399e-01,3.354838709677419595e-01
1.426523297491039399e-01,3.376344086021505486e-01
1.433691756272401363e-01,3.376344086021505486e-01
1.433691756272401363e-01,3.440860215053763715e-01
1.462365591397849496e-01,3.440860215053763715e-01
1.462365591397849496e-01,3.462365591397849607e-01
1.469534050179211460e-01,3.462365591397849607e-01
1.469534050179211460e-01,3.483870967741935498e-01
1.491039426523297629e-01,3.483870967741935498e-01
1.491039426523297629e-01,3.548387096774193727e-01
1.512544802867383520e-01,3.548387096774193727e-01
1.512544802867383520e-01,3.569892473118279619e-01
1.519713261648745484e-01,3.569892473118279619e-01
1.519713261648745484e-01,3.591397849462365510e-01
1.534050179211469411e-01,3.591397849462365510e-01
1.534050179211469411e-01,3.612903225806451402e-01
1.541218637992831653e-01,3.612903225806451402e-01
1.541218637992831653e-01,3.634408602150537848e-01
1.584229390681003713e-01,3.634408602150537848e-01
1.584229390681003713e-01,3.655913978494623739e-01
1.598566308243727641e-01,3.655913978494623739e-01
1.598566308243727641e-01,3.677419354838709631e-01
1.634408602150537737e-01,3.677419354838709631e-01
1.634408602150537737e-01,3.698924731182795522e-01
1.641577060931899701e-01,3.698924731182795522e-01
1.641577060931899701e-01,3.720430107526881969e-01
1.677419354838709797e-01,3.720430107526881969e-01
1.677419354838709797e-01,3.741935483870967860e-01
1.706093189964157653e-01,3.741935483870967860e-01
1.706093189964157653e-01,3.763440860215053752e-01
1.713261648745519616e-01,3.763440860215053752e-01
1.713261648745519616e-01,3.784946236559139643e-01
1.727598566308243822e-01,3.784946236559139643e-01
1.741935483870967749e-01,3.784946236559139643e-01
1.741935483870967749e-01,3.806451612903225534e-01
1.749103942652329713e-01,3.806451612903225534e-01
1.749103942652329713e-01,3.827956989247311981e-01
1.784946236559139809e-01,3.827956989247311981e-01
1.784946236559139809e-01,3.849462365591397872e-01
1.792114695340501773e-01,3.849462365591397872e-01
1.792114695340501773e-01,3.892473118279569655e-01
1.806451612903225701e-01,3.892473118279569655e-01
1.806451612903225701e-01,3.913978494623656101e-01
1.820788530465949906e-01,3.913978494623656101e-01
1.820788530465949906e-01,3.935483870967741993e-01
1.842293906810035797e-01,3.935483870967741993e-01
1.842293906810035797e-01,3.956989247311827884e-01
1.856630824372759725e-01,3.956989247311827884e-01
1.870967741935483930e-01,3.956989247311827884e-01
1.870967741935483930e-01,3.978494623655913776e-01
1.899641577060931785e-01,3.978494623655913776e-01
1.899641577060931785e-01,4.021505376344086113e-01
1.921146953405017954e-01,4.021505376344086113e-01
1.921146953405017954e-01,4.043010752688172005e-01
1.928315412186379918e-01,4.043010752688172005e-01
1.928315412186379918e-01,4.064516129032257896e-01
1.956989247311828051e-01,4.064516129032257896e-01
1.956989247311828051e-01,4.107526881720430234e-01
1.978494623655913942e-01,4.107526881720430234e-01
1.978494623655913942e-01,4.129032258064516125e-01
2.000000000000000111e-01,4.129032258064516125e-01
2.000000000000000111e-01,4.150537634408602017e-01
2.007168458781362075e-01,4.150537634408602017e-01
2.007168458781362075e-01,4.172043010752687908e-01
2.021505376344086002e-01,4.172043010752687908e-01
2.021505376344086002e-01,4.215053763440860246e-01
2.028673835125447966e-01,4.215053763440860246e-01
2.028673835125447966e-01,4.236559139784946137e-01
2.035842293906809930e-01,4.236559139784946137e-01
2.035842293906809930e-01,4.258064516129032029e-01
2.057347670250896099e-01,4.258064516129032029e-01
2.057347670250896099e-01,4.279569892473118475e-01
2.071684587813620027e-01,4.279569892473118475e-01
2.071684587813620027e-01,4.301075268817204367e-01
2.100358422939068159e-01,4.301075268817204367e-01
2.100358422939068159e-01,4.322580645161290258e-01
2.114695340501792087e-01,4.322580645161290258e-01
2.114695340501792087e-01,4.365591397849462596e-01
2.121863799283154051e-01,4.365591397849462596e-01
2.121863799283154051e-01,4.387096774193548487e-01
2.157706093189964147e-01,4.387096774193548487e-01
2.157706093189964147e-01,4.430107526881720270e-01
2.179211469534050316e-01,4.430107526881720270e-01
2.179211469534050316e-01,4.451612903225806717e-01
2.207885304659498171e-01,4.451612903225806717e-01
2.207885304659498171e-01,4.473118279569892608e-01
2.229390681003584340e-01,4.473118279569892608e-01
2.229390681003584340e-01,4.516129032258064391e-01
2.236559139784946304e-01,4.516129032258064391e-01
2.236559139784946304e-01,4.537634408602150282e-01
2.279569892473118364e-01,4.537634408602150282e-01
2.279569892473118364e-01,4.559139784946236729e-01
2.315412186379928183e-01,4.559139784946236729e-01
2.315412186379928183e-01,4.580645161290322620e-01
2.336917562724014352e-01,4.580645161290322620e-01
2.336917562724014352e-01,4.623655913978494403e-01
2.379928315412186413e-01,4.623655913978494403e-01
2.379928315412186413e-01,4.666666666666666741e-01
2.394265232974910340e-01,4.666666666666666741e-01
2.394265232974910340e-01,4.709677419354838523e-01
2.408602150537634545e-01,4.709677419354838523e-01
2.408602150537634545e-01,4.752688172043010861e-01
2.430107526881720437e-01,4.752688172043010861e-01
2.430107526881720437e-01,4.774193548387096753e-01
2.451612903225806328e-01,4.774193548387096753e-01
2.451612903225806328e-01,4.795698924731182644e-01
2.480286738351254461e-01,4.795698924731182644e-01
2.480286738351254461e-01,4.817204301075269091e-01
2.494623655913978388e-01,4.817204301075269091e-01
2.494623655913978388e-01,4.881720430107526765e-01
2.516129032258064280e-01,4.881720430107526765e-01
2.516129032258064280e-01,4.924731182795699103e-01
2.523297491039426799e-01,4.924731182795699103e-01
2.523297491039426799e-01,4.946236559139784994e-01
2.559139784946236618e-01,4.946236559139784994e-01
2.559139784946236618e-01,5.010752688172043223e-01
2.573476702508960545e-01,5.010752688172043223e-01
2.573476702508960545e-01,5.032258064516128560e-01
2.594982078853046437e-01,5.032258064516128560e-01
2.594982078853046437e-01,5.053763440860215006e-01
2.645161290322580738e-01,5.053763440860215006e-01
2.645161290322580738e-01,5.075268817204301453e-01
2.659498207885304666e-01,5.075268817204301453e-01
2.659498207885304666e-01,5.139784946236559682e-01
2.666666666666666630e-01,5.139784946236559682e-01
2.666666666666666630e-01,5.161290322580645018e-01
2.709677419354838968e-01,5.161290322580645018e-01
2.709677419354838968e-01,5.204301075268816801e-01
2.716845878136200931e-01,5.204301075268816801e-01
2.716845878136200931e-01,5.225806451612903247e-01
2.724014336917562895e-01,5.225806451612903247e-01
2.724014336917562895e-01,5.247311827956989694e-01
2.767025089605734678e-01,5.247311827956989694e-01
2.767025089605734678e-01,5.290322580645161477e-01
2.817204301075268980e-01,5.290322580645161477e-01
2.817204301075268980e-01,5.333333333333333259e-01
2.824372759856630943e-01,5.333333333333333259e-01
2.824372759856630943e-01,5.354838709677419706e-01
2.831541218637992907e-01,5.354838709677419706e-01
2.831541218637992907e-01,5.376344086021505042e-01
2.867383512544802726e-01,5.376344086021505042e-01
2.867383512544802726e-01,5.419354838709677935e-01
2.896057347670251136e-01,5.419354838709677935e-01
2.896057347670251136e-01,5.440860215053763271e-01
2.903225806451613100e-01,5.440860215053763271e-01
2.903225806451613100e-01,5.483870967741935054e-01
2.917562724014337028e-01,5.483870967741935054e-01
2.917562724014337028e-01,5.505376344086021501e-01
2.924731182795698992e-01,5.505376344086021501e-01
2.924731182795698992e-01,5.548387096774193283e-01
2.946236559139784883e-01,5.548387096774193283e-01
2.946236559139784883e-01,5.612903225806451513e-01
2.953405017921146847e-01,5.612903225806451513e-01
2.953405017921146847e-01,5.634408602150537959e-01
2.967741935483870774e-01,5.634408602150537959e-01
2.967741935483870774e-01,5.698924731182796188e-01
2.974910394265232738e-01,5.698924731182796188e-01
2.974910394265232738e-01,5.741935483870967971e-01
2.982078853046595257e-01,5.741935483870967971e-01
2.982078853046595257e-01,5.763440860215053307e-01
2.989247311827957221e-01,5.763440860215053307e-01
2.989247311827957221e-01,5.784946236559139754e-01
3.025089605734767040e-01,5.784946236559139754e-01
3.025089605734767040e-01,5.849462365591397983e-01
3.046594982078852931e-01,5.849462365591397983e-01
3.046594982078852931e-01,5.935483870967741549e-01
3.103942652329749197e-01,5.935483870967741549e-01
3.103942652329749197e-01,5.999999999999999778e-01
3.111111111111111160e-01,5.999999999999999778e-01
3.111111111111111160e-01,6.021505376344086224e-01
3.118279569892473124e-01,6.021505376344086224e-01
3.118279569892473124e-01,6.043010752688171561e-01
3.125448028673835088e-01,6.043010752688171561e-01
3.125448028673835088e-01,6.086021505376344454e-01
3.139784946236559016e-01,6.086021505376344454e-01
3.139784946236559016e-01,6.107526881720429790e-01
3.154121863799282943e-01,6.107526881720429790e-01
3.154121863799282943e-01,6.150537634408602683e-01
3.168458781362007426e-01,6.150537634408602683e-01
3.168458781362007426e-01,6.193548387096774466e-01
3.175627240143369390e-01,6.193548387096774466e-01
3.175627240143369390e-01,6.236559139784946248e-01
3.182795698924731354e-01,6.236559139784946248e-01
3.182795698924731354e-01,6.258064516129032695e-01
3.197132616487455281e-01,6.258064516129032695e-01
3.197132616487455281e-01,6.279569892473118031e-01
3.204301075268817245e-01,6.279569892473118031e-01
3.204301075268817245e-01,6.301075268817204478e-01
3.211469534050179209e-01,6.301075268817204478e-01
3.211469534050179209e-01,6.365591397849462707e-01
3.232974910394265100e-01,6.365591397849462707e-01
3.232974910394265100e-01,6.387096774193548043e-01
3.240143369175627064e-01,6.387096774193548043e-01
3.240143369175627064e-01,6.408602150537634490e-01
3.247311827956989028e-01,6.408602150537634490e-01
3.247311827956989028e-01,6.430107526881720936e-01
3.275985663082437438e-01,6.430107526881720936e-01
3.275985663082437438e-01,6.451612903225806273e-01
3.304659498207885293e-01,6.451612903225806273e-01
3.304659498207885293e-01,6.494623655913978055e-01
3.405017921146953341e-01,6.494623655913978055e-01
3.405017921146953341e-01,6.537634408602150948e-01
3.412186379928315305e-01,6.537634408602150948e-01
3.412186379928315305e-01,6.559139784946236285e-01
3.433691756272401197e-01,6.559139784946236285e-01
3.433691756272401197e-01,6.602150537634408067e-01
3.440860215053763715e-01,6.602150537634408067e-01
3.440860215053763715e-01,6.645161290322580960e-01
3.455197132616487643e-01,6.645161290322580960e-01
3.455197132616487643e-01,6.731182795698924526e-01
3.505376344086021390e-01,6.731182795698924526e-01
3.505376344086021390e-01,6.752688172043010972e-01
3.534050179211469800e-01,6.752688172043010972e-01
3.534050179211469800e-01,6.774193548387096309e-01
3.548387096774193727e-01,6.774193548387096309e-01
3.548387096774193727e-01,6.795698924731182755e-01
3.555555555555555691e-01,6.795698924731182755e-01
3.555555555555555691e-01,6.838709677419354538e-01
3.591397849462365510e-01,6.838709677419354538e-01
3.591397849462365510e-01,6.903225806451612767e-01
3.620071684587813365e-01,6.903225806451612767e-01
3.620071684587813365e-01,6.946236559139784550e-01
3.655913978494623739e-01,6.946236559139784550e-01
3.655913978494623739e-01,6.967741935483870996e-01
3.677419354838709631e-01,6.967741935483870996e-01
3.677419354838709631e-01,6.989247311827957443e-01
3.684587813620071595e-01,6.989247311827957443e-01
3.684587813620071595e-01,7.010752688172042779e-01
3.706093189964157486e-01,7.010752688172042779e-01
3.706093189964157486e-01,7.032258064516129226e-01
3.713261648745519450e-01,7.032258064516129226e-01
3.713261648745519450e-01,7.053763440860214562e-01
3.741935483870967860e-01,7.053763440860214562e-01
3.741935483870967860e-01,7.075268817204301008e-01
3.749103942652329824e-01,7.075268817204301008e-01
3.749103942652329824e-01,7.096774193548387455e-01
3.756272401433691788e-01,7.096774193548387455e-01
3.756272401433691788e-01,7.118279569892472791e-01
3.763440860215053752e-01,7.118279569892472791e-01
3.777777777777777679e-01,7.118279569892472791e-01
3.820788530465950017e-01,7.118279569892472791e-01
3.820788530465950017e-01,7.139784946236559238e-01
3.856630824372759836e-01,7.139784946236559238e-01
3.856630824372759836e-01,7.161290322580645684e-01
3.899641577060932174e-01,7.161290322580645684e-01
3.899641577060932174e-01,7.182795698924731020e-01
3.956989247311827884e-01,7.182795698924731020e-01
3.956989247311827884e-01,7.204301075268817467e-01
3.964157706093189848e-01,7.204301075268817467e-01
3.964157706093189848e-01,7.247311827956989250e-01
3.992831541218638258e-01,7.247311827956989250e-01
3.992831541218638258e-01,7.268817204301075696e-01
4.007168458781362186e-01,7.268817204301075696e-01
4.007168458781362186e-01,7.290322580645161032e-01
4.021505376344086113e-01,7.290322580645161032e-01
4.021505376344086113e-01,7.311827956989247479e-01
4.035842293906810041e-01,7.311827956989247479e-01
4.035842293906810041e-01,7.333333333333332815e-01
4.050179211469533969e-01,7.333333333333332815e-01
4.050179211469533969e-01,7.354838709677419262e-01
4.143369175627240053e-01,7.354838709677419262e-01
4.143369175627240053e-01,7.376344086021505708e-01
4.157706093189963981e-01,7.376344086021505708e-01
4.157706093189963981e-01,7.397849462365591044e-01
4.172043010752687908e-01,7.397849462365591044e-01
4.172043010752687908e-01,7.440860215053763937e-01
4.236559139784946137e-01,7.440860215053763937e-01
4.236559139784946137e-01,7.462365591397849274e-01
4.286738351254480439e-01,7.462365591397849274e-01
4.286738351254480439e-01,7.483870967741935720e-01
4.372759856630824560e-01,7.483870967741935720e-01
4.372759856630824560e-01,7.505376344086021057e-01
4.379928315412186524e-01,7.505376344086021057e-01
4.379928315412186524e-01,7.548387096774193949e-01
4.437275985663082234e-01,7.548387096774193949e-01
4.451612903225806717e-01,7.548387096774193949e-01
4.458781362007168680e-01,7.548387096774193949e-01
4.473118279569892608e-01,7.548387096774193949e-01
4.494623655913978499e-01,7.548387096774193949e-01
4.508960573476702427e-01,7.548387096774193949e-01
4.523297491039426355e-01,7.548387096774193949e-01
4.523297491039426355e-01,7.569892473118279286e-01
4.530465949820788318e-01,7.569892473118279286e-01
4.530465949820788318e-01,7.591397849462365732e-01
4.559139784946236729e-01,7.591397849462365732e-01
4.559139784946236729e-01,7.612903225806451069e-01
4.566308243727598692e-01,7.612903225806451069e-01
4.566308243727598692e-01,7.634408602150537515e-01
4.587813620071684584e-01,7.634408602150537515e-01
4.587813620071684584e-01,7.677419354838709298e-01
4.602150537634408511e-01,7.677419354838709298e-01
4.602150537634408511e-01,7.720430107526882191e-01
4.623655913978494403e-01,7.720430107526882191e-01
4.623655913978494403e-01,7.741935483870967527e-01
4.630824372759856367e-01,7.741935483870967527e-01
4.630824372759856367e-01,7.784946236559139310e-01
4.681003584229390668e-01,7.784946236559139310e-01
4.681003584229390668e-01,7.806451612903225756e-01
4.695340501792114596e-01,7.806451612903225756e-01
4.695340501792114596e-01,7.827956989247312203e-01
4.774193548387096753e-01,7.827956989247312203e-01
4.774193548387096753e-01,7.849462365591397539e-01
4.781362007168458716e-01,7.849462365591397539e-01
4.781362007168458716e-01,7.870967741935483986e-01
4.838709677419354982e-01,7.870967741935483986e-01
4.838709677419354982e-01,7.892473118279570432e-01
4.867383512544802837e-01,7.892473118279570432e-01
4.867383512544802837e-01,7.913978494623655768e-01
4.881720430107526765e-01,7.913978494623655768e-01
4.881720430107526765e-01,7.956989247311827551e-01
4.953405017921146958e-01,7.956989247311827551e-01
4.953405017921146958e-01,7.978494623655913998e-01
4.960573476702508922e-01,7.978494623655913998e-01
4.960573476702508922e-01,8.000000000000000444e-01
4.967741935483870885e-01,8.000000000000000444e-01
4.967741935483870885e-01,8.021505376344085780e-01
5.053763440860215006e-01,8.021505376344085780e-01
5.053763440860215006e-01,8.043010752688172227e-01
5.111111111111110716e-01,8.043010752688172227e-01
5.111111111111110716e-01,8.064516129032257563e-01
5.125448028673834644e-01,8.064516129032257563e-01
5.125448028673834644e-01,8.107526881720430456e-01
5.175627240143368946e-01,8.107526881720430456e-01
5.175627240143368946e-01,8.129032258064515792e-01
5.340501792114695778e-01,8.129032258064515792e-01
5.340501792114695778e-01,8.150537634408602239e-01
5.347670250896057187e-01,8.150537634408602239e-01
5.362007168458781114e-01,8.150537634408602239e-01
5.469534050179211127e-01,8.150537634408602239e-01
5.469534050179211127e-01,8.172043010752688685e-01
5.491039426523297573e-01,8.172043010752688685e-01
5.491039426523297573e-01,8.193548387096774022e-01
5.526881720430107947e-01,8.193548387096774022e-01
5.526881720430107947e-01,8.215053763440860468e-01
5.548387096774193283e-01,8.215053763440860468e-01
5.562724014336917211e-01,8.215053763440860468e-01
5.584229390681003657e-01,8.215053763440860468e-01
5.584229390681003657e-01,8.236559139784945804e-01
5.627240143369175440e-01,8.236559139784945804e-01
5.627240143369175440e-01,8.258064516129032251e-01
5.720430107526881525e-01,8.258064516129032251e-01
5.720430107526881525e-01,8.279569892473118697e-01
5.741935483870967971e-01,8.279569892473118697e-01
5.741935483870967971e-01,8.322580645161290480e-01
5.856630824372759392e-01,8.322580645161290480e-01
5.856630824372759392e-01,8.344086021505375816e-01
5.892473118279569766e-01,8.344086021505375816e-01
5.892473118279569766e-01,8.365591397849462263e-01
5.921146953405017621e-01,8.365591397849462263e-01
5.921146953405017621e-01,8.387096774193548709e-01
5.935483870967741549e-01,8.387096774193548709e-01
5.935483870967741549e-01,8.408602150537634046e-01
5.949820788530465476e-01,8.408602150537634046e-01
5.949820788530465476e-01,8.430107526881720492e-01
5.978494623655914442e-01,8.430107526881720492e-01
5.978494623655914442e-01,8.494623655913978721e-01
5.992831541218638369e-01,8.494623655913978721e-01
5.992831541218638369e-01,8.516129032258064058e-01
6.007168458781362297e-01,8.516129032258064058e-01
6.007168458781362297e-01,8.537634408602150504e-01
6.021505376344086224e-01,8.537634408602150504e-01
6.100358422939068381e-01,8.537634408602150504e-01
6.100358422939068381e-01,8.559139784946236951e-01
6.121863799283153718e-01,8.559139784946236951e-01
6.121863799283153718e-01,8.580645161290322287e-01
6.136200716845877645e-01,8.580645161290322287e-01
6.136200716845877645e-01,8.623655913978494070e-01
6.143369175627240164e-01,8.623655913978494070e-01
6.143369175627240164e-01,8.645161290322580516e-01
6.186379928315411947e-01,8.645161290322580516e-01
6.186379928315411947e-01,8.666666666666666963e-01
6.200716845878135874e-01,8.666666666666666963e-01
6.200716845878135874e-01,8.688172043010752299e-01
6.215053763440859802e-01,8.688172043010752299e-01
6.215053763440859802e-01,8.709677419354838745e-01
6.229390681003583730e-01,8.709677419354838745e-01
6.229390681003583730e-01,8.731182795698925192e-01
6.243727598566308767e-01,8.731182795698925192e-01
6.243727598566308767e-01,8.752688172043010528e-01
6.258064516129032695e-01,8.752688172043010528e-01
6.258064516129032695e-01,8.774193548387096975e-01
6.272401433691756623e-01,8.774193548387096975e-01
6.272401433691756623e-01,8.795698924731182311e-01
6.322580645161289814e-01,8.795698924731182311e-01
6.322580645161289814e-01,8.817204301075268758e-01
6.408602150537634490e-01,8.817204301075268758e-01
6.408602150537634490e-01,8.838709677419355204e-01
6.415770609318995898e-01,8.838709677419355204e-01
6.415770609318995898e-01,8.860215053763440540e-01
6.430107526881720936e-01,8.860215053763440540e-01
6.430107526881720936e-01,8.903225806451613433e-01
6.458781362007168791e-01,8.903225806451613433e-01
6.458781362007168791e-01,8.946236559139785216e-01
6.494623655913978055e-01,8.946236559139785216e-01
6.494623655913978055e-01,8.967741935483870552e-01
6.501792114695340574e-01,8.967741935483870552e-01
6.501792114695340574e-01,8.989247311827956999e-01
6.673835125448028815e-01,8.989247311827956999e-01
6.688172043010752743e-01,8.989247311827956999e-01
6.731182795698924526e-01,8.989247311827956999e-01
6.731182795698924526e-01,9.010752688172043445e-01
6.745519713261648453e-01,9.010752688172043445e-01
6.745519713261648453e-01,9.032258064516128782e-01
6.759856630824372381e-01,9.032258064516128782e-01
6.759856630824372381e-01,9.053763440860215228e-01
6.845878136200717057e-01,9.053763440860215228e-01
6.845878136200717057e-01,9.075268817204300564e-01
6.881720430107527431e-01,9.075268817204300564e-01
6.881720430107527431e-01,9.096774193548387011e-01
6.888888888888888840e-01,9.096774193548387011e-01
6.888888888888888840e-01,9.118279569892473457e-01
7.017921146953405298e-01,9.118279569892473457e-01
7.017921146953405298e-01,9.161290322580645240e-01
7.025089605734766707e-01,9.161290322580645240e-01
7.025089605734766707e-01,9.182795698924731687e-01
7.039426523297490634e-01,9.182795698924731687e-01
7.039426523297490634e-01,9.204301075268817023e-01
7.068100358422939600e-01,9.204301075268817023e-01
7.068100358422939600e-01,9.225806451612903469e-01
7.103942652329748864e-01,9.225806451612903469e-01
7.103942652329748864e-01,9.268817204301075252e-01
7.132616487455196719e-01,9.268817204301075252e-01
7.132616487455196719e-01,9.290322580645161699e-01
7.211469534050178876e-01,9.290322580645161699e-01
7.211469534050178876e-01,9.311827956989247035e-01
7.240143369175626731e-01,9.311827956989247035e-01
7.240143369175626731e-01,9.333333333333333481e-01
7.261648745519713177e-01,9.333333333333333481e-01
7.261648745519713177e-01,9.354838709677418818e-01
7.275985663082437105e-01,9.354838709677418818e-01
7.376344086021505708e-01,9.354838709677418818e-01
7.376344086021505708e-01,9.419354838709677047e-01
7.462365591397849274e-01,9.419354838709677047e-01
7.462365591397849274e-01,9.440860215053763493e-01
7.526881720430107503e-01,9.440860215053763493e-01
7.526881720430107503e-01,9.483870967741935276e-01
7.569892473118279286e-01,9.483870967741935276e-01
7.569892473118279286e-01,9.505376344086021723e-01
7.612903225806451069e-01,9.505376344086021723e-01
7.612903225806451069e-01,9.526881720430107059e-01
7.641577060931900034e-01,9.526881720430107059e-01
7.641577060931900034e-01,9.548387096774193505e-01
7.706093189964157153e-01,9.548387096774193505e-01
7.706093189964157153e-01,9.569892473118279952e-01
7.720430107526882191e-01,9.569892473118279952e-01
7.720430107526882191e-01,9.591397849462365288e-01
7.741935483870967527e-01,9.591397849462365288e-01
7.741935483870967527e-01,9.612903225806451735e-01
7.756272401433691455e-01,9.612903225806451735e-01
7.806451612903225756e-01,9.612903225806451735e-01
7.806451612903225756e-01,9.634408602150538181e-01
7.820788530465949684e-01,9.634408602150538181e-01
7.820788530465949684e-01,9.655913978494623517e-01
7.849462365591397539e-01,9.655913978494623517e-01
7.849462365591397539e-01,9.698924731182795300e-01
7.956989247311827551e-01,9.698924731182795300e-01
7.956989247311827551e-01,9.720430107526881747e-01
7.985663082437276517e-01,9.720430107526881747e-01
7.985663082437276517e-01,9.741935483870968193e-01
8.200716845878136541e-01,9.741935483870968193e-01
8.200716845878136541e-01,9.763440860215053529e-01
8.243727598566308323e-01,9.763440860215053529e-01
8.258064516129032251e-01,9.763440860215053529e-01
8.415770609318996565e-01,9.763440860215053529e-01
8.415770609318996565e-01,9.784946236559139976e-01
8.551971326164874432e-01,9.784946236559139976e-01
8.551971326164874432e-01,9.806451612903225312e-01
8.580645161290322287e-01,9.806451612903225312e-01
8.580645161290322287e-01,9.827956989247311759e-01
8.637992831541219108e-01,9.827956989247311759e-01
8.637992831541219108e-01,9.849462365591398205e-01
8.681003584229390890e-01,9.849462365591398205e-01
8.681003584229390890e-01,9.870967741935483541e-01
8.688172043010752299e-01,9.870967741935483541e-01
8.688172043010752299e-01,9.892473118279569988e-01
8.731182795698925192e-01,9.892473118279569988e-01
8.731182795698925192e-01,9.913978494623656434e-01
8.774193548387096975e-01,9.913978494623656434e-01
8.774193548387096975e-01,9.935483870967741771e-01
8.881720430107526987e-01,9.935483870967741771e-01
8.896057347670250914e-01,9.935483870967741771e-01
9.046594982078852709e-01,9.935483870967741771e-01
9.046594982078852709e-01,9.956989247311828217e-01
9.512544802867383131e-01,9.956989247311828217e-01
9.512544802867383131e-01,9.978494623655913554e-01
9.584229390681003879e-01,9.978494623655913554e-01
9.598566308243727807e-01,9.978494623655913554e-01
9.641577060931899590e-01,9.978494623655913554e-01
9.641577060931899590e-01,1.000000000000000000e+00
1.000000000000000000e+00,1.000000000000000000e+00
