FPR,TPR
0.000000000000000000e+00,0.000000000000000000e+00
0.000000000000000000e+00,1.831501831501831500e-03
6.105006105006105001e-04,1.831501831501831500e-03
6.105006105006105001e-04,7.326007326007326001e-03
1.221001221001221000e-03,7.326007326007326001e-03
1.221001221001221000e-03,1.282051282051282007e-02
1.831501831501831500e-03,1.282051282051282007e-02
1.831501831501831500e-03,1.465201465201465200e-02
2.442002442002442000e-03,1.465201465201465200e-02
2.442002442002442000e-03,2.930402930402930400e-02
3.052503052503052500e-03,2.930402930402930400e-02
3.052503052503052500e-03,3.663003663003663174e-02
3.663003663003663000e-03,3.663003663003663174e-02
3.663003663003663000e-03,4.212454212454212754e-02
4.273504273504273934e-03,4.212454212454212754e-02
4.273504273504273934e-03,4.395604395604395948e-02
4.884004884004884001e-03,4.395604395604395948e-02
4.884004884004884001e-03,4.761904761904761640e-02
6.715506715506715935e-03,4.761904761904761640e-02
6.715506715506715935e-03,4.945054945054944834e-02
8.547008547008547868e-03,4.945054945054944834e-02
8.547008547008547868e-03,5.128205128205128027e-02
9.157509157509157935e-03,5.128205128205128027e-02
9.157509157509157935e-03,5.494505494505494414e-02
9.768009768009768001e-03,5.494505494505494414e-02
9.768009768009768001e-03,5.860805860805860801e-02
1.037851037851037807e-02,5.860805860805860801e-02
1.037851037851037807e-02,6.227106227106227188e-02
1.404151404151404194e-02,6.227106227106227188e-02
1.526251526251526207e-02,6.227106227106227188e-02
1.709401709401709574e-02,6.227106227106227188e-02
1.709401709401709574e-02,6.776556776556776074e-02
1.770451770451770407e-02,6.776556776556776074e-02
1.770451770451770407e-02,8.241758241758241621e-02
1.892551892551892420e-02,8.241758241758241621e-02
1.892551892551892420e-02,8.608058608058608008e-02
2.014652014652014780e-02,8.608058608058608008e-02
2.014652014652014780e-02,8.791208791208791895e-02
2.075702075702075614e-02,8.791208791208791895e-02
2.075702075702075614e-02,8.974358974358974395e-02
2.136752136752136794e-02,8.974358974358974395e-02
2.136752136752136794e-02,9.157509157509156894e-02
2.197802197802197974e-02,9.157509157509156894e-02
2.197802197802197974e-02,9.523809523809523281e-02
2.258852258852258807e-02,9.523809523809523281e-02
2.258852258852258807e-02,9.706959706959707168e-02
2.380952380952380820e-02,9.706959706959707168e-02
2.380952380952380820e-02,1.007326007326007355e-01
2.442002442002442000e-02,1.007326007326007355e-01
2.442002442002442000e-02,1.025641025641025605e-01
2.564102564102564014e-02,1.025641025641025605e-01
2.564102564102564014e-02,1.098901098901098883e-01
2.625152625152625194e-02,1.098901098901098883e-01
2.625152625152625194e-02,1.117216117216117272e-01
2.747252747252747207e-02,1.117216117216117272e-01
2.747252747252747207e-02,1.190476190476190410e-01
2.808302808302808387e-02,1.190476190476190410e-01
2.808302808302808387e-02,1.227106227106227049e-01
2.869352869352869220e-02,1.227106227106227049e-01
2.869352869352869220e-02,1.282051282051281937e-01
2.930402930402930400e-02,1.282051282051281937e-01
2.930402930402930400e-02,1.318681318681318715e-01
3.235653235653235954e-02,1.318681318681318715e-01
3.235653235653235954e-02,1.336996336996336965e-01
3.296703296703296787e-02,1.336996336996336965e-01
3.296703296703296787e-02,1.373626373626373742e-01
3.357753357753357620e-02,1.373626373626373742e-01
3.357753357753357620e-02,1.428571428571428492e-01
3.846153846153846367e-02,1.428571428571428492e-01
3.846153846153846367e-02,1.446886446886447020e-01
3.968253968253968034e-02,1.446886446886447020e-01
3.968253968253968034e-02,1.465201465201465270e-01
4.029304029304029561e-02,1.465201465201465270e-01
4.029304029304029561e-02,1.501831501831501769e-01
4.090354090354090394e-02,1.501831501831501769e-01
4.090354090354090394e-02,1.538461538461538547e-01
4.212454212454212754e-02,1.538461538461538547e-01
4.212454212454212754e-02,1.556776556776556797e-01
4.273504273504273587e-02,1.556776556776556797e-01
4.273504273504273587e-02,1.575091575091575047e-01
4.334554334554334420e-02,1.575091575091575047e-01
4.334554334554334420e-02,1.593406593406593297e-01
4.578754578754578447e-02,1.593406593406593297e-01
4.578754578754578447e-02,1.611721611721611824e-01
4.639804639804639974e-02,1.611721611721611824e-01
4.639804639804639974e-02,1.630036630036630074e-01
4.761904761904761640e-02,1.630036630036630074e-01
4.822954822954823167e-02,1.630036630036630074e-01
4.822954822954823167e-02,1.666666666666666574e-01
5.006105006105006361e-02,1.666666666666666574e-01
5.006105006105006361e-02,1.684981684981685102e-01
5.250305250305250387e-02,1.684981684981685102e-01
5.250305250305250387e-02,1.703296703296703352e-01
5.311355311355311221e-02,1.703296703296703352e-01
5.311355311355311221e-02,1.721611721611721602e-01
5.677655677655677607e-02,1.721611721611721602e-01
5.677655677655677607e-02,1.776556776556776629e-01
6.043956043956043994e-02,1.776556776556776629e-01
6.043956043956043994e-02,1.813186813186813129e-01
6.105006105006104827e-02,1.813186813186813129e-01
6.105006105006104827e-02,1.868131868131868156e-01
6.166056166056166354e-02,1.868131868131868156e-01
6.166056166056166354e-02,1.886446886446886406e-01
6.288156288156288021e-02,1.886446886446886406e-01
6.288156288156288021e-02,1.904761904761904656e-01
6.349206349206348854e-02,1.904761904761904656e-01
6.349206349206348854e-02,1.959706959706959684e-01
6.593406593406593574e-02,1.959706959706959684e-01
6.593406593406593574e-02,1.978021978021977934e-01
6.715506715506715241e-02,1.978021978021977934e-01
6.715506715506715241e-02,1.996336996336996461e-01
6.776556776556776074e-02,1.996336996336996461e-01
6.776556776556776074e-02,2.032967032967032961e-01
6.837606837606838295e-02,2.032967032967032961e-01
6.837606837606838295e-02,2.106227106227106238e-01
7.020757020757020794e-02,2.106227106227106238e-01
7.020757020757020794e-02,2.161172161172161266e-01
7.142857142857142461e-02,2.161172161172161266e-01
7.142857142857142461e-02,2.179487179487179516e-01
7.448107448107448014e-02,2.179487179487179516e-01
7.448107448107448014e-02,2.197802197802197766e-01
7.570207570207569681e-02,2.197802197802197766e-01
7.570207570207569681e-02,2.216117216117216016e-01
7.631257631257631902e-02,2.216117216117216016e-01
7.631257631257631902e-02,2.234432234432234543e-01
7.692307692307692735e-02,2.234432234432234543e-01
7.692307692307692735e-02,2.307692307692307820e-01
7.814407814407814401e-02,2.307692307692307820e-01
7.814407814407814401e-02,2.326007326007326070e-01
7.875457875457875234e-02,2.326007326007326070e-01
7.875457875457875234e-02,2.344322344322344320e-01
7.997557997557996901e-02,2.344322344322344320e-01
7.997557997557996901e-02,2.380952380952380820e-01
8.119658119658119955e-02,2.380952380952380820e-01
8.119658119658119955e-02,2.435897435897435848e-01
8.241758241758241621e-02,2.435897435897435848e-01
8.241758241758241621e-02,2.454212454212454098e-01
8.363858363858363287e-02,2.454212454212454098e-01
8.363858363858363287e-02,2.490842490842490875e-01
8.485958485958486341e-02,2.490842490842490875e-01
8.485958485958486341e-02,2.527472527472527375e-01
8.730158730158729674e-02,2.527472527472527375e-01
8.730158730158729674e-02,2.545787545787545625e-01
8.791208791208791895e-02,2.545787545787545625e-01
8.791208791208791895e-02,2.582417582417582680e-01
8.852258852258852728e-02,2.582417582417582680e-01
8.852258852258852728e-02,2.600732600732600930e-01
8.913308913308913561e-02,2.600732600732600930e-01
8.913308913308913561e-02,2.619047619047619180e-01
9.279609279609279948e-02,2.619047619047619180e-01
9.279609279609279948e-02,2.655677655677655680e-01
9.340659340659340781e-02,2.655677655677655680e-01
9.340659340659340781e-02,2.673992673992673930e-01
9.462759462759462448e-02,2.673992673992673930e-01
9.462759462759462448e-02,2.710622710622710430e-01
9.584859584859585502e-02,2.710622710622710430e-01
9.584859584859585502e-02,2.747252747252747485e-01
9.706959706959707168e-02,2.747252747252747485e-01
9.706959706959707168e-02,2.765567765567765735e-01
9.829059829059828834e-02,2.765567765567765735e-01
9.829059829059828834e-02,2.783882783882783984e-01
9.890109890109889668e-02,2.783882783882783984e-01
9.890109890109889668e-02,2.802197802197802234e-01
1.013431013431013439e-01,2.802197802197802234e-01
1.013431013431013439e-01,2.838827838827838734e-01
1.025641025641025605e-01,2.838827838827838734e-01
1.025641025641025605e-01,2.875457875457875234e-01
1.031746031746031689e-01,2.875457875457875234e-01
1.031746031746031689e-01,2.893772893772894039e-01
1.037851037851037911e-01,2.893772893772894039e-01
1.037851037851037911e-01,2.930402930402930539e-01
1.068376068376068327e-01,2.930402930402930539e-01
1.068376068376068327e-01,2.948717948717948789e-01
1.074481074481074550e-01,2.948717948717948789e-01
1.074481074481074550e-01,3.021978021978021789e-01
1.080586080586080633e-01,3.021978021978021789e-01
1.080586080586080633e-01,3.076923076923077094e-01
1.117216117216117272e-01,3.076923076923077094e-01
1.117216117216117272e-01,3.095238095238095344e-01
1.123321123321123355e-01,3.095238095238095344e-01
1.123321123321123355e-01,3.131868131868131844e-01
1.129426129426129438e-01,3.131868131868131844e-01
1.129426129426129438e-01,3.186813186813186594e-01
1.135531135531135521e-01,3.186813186813186594e-01
1.135531135531135521e-01,3.223443223443223649e-01
1.141636141636141605e-01,3.223443223443223649e-01
1.141636141636141605e-01,3.241758241758241899e-01
1.153846153846153910e-01,3.241758241758241899e-01
1.153846153846153910e-01,3.260073260073260148e-01
1.159951159951159994e-01,3.260073260073260148e-01
1.159951159951159994e-01,3.278388278388278398e-01
1.178266178266178243e-01,3.278388278388278398e-01
1.178266178266178243e-01,3.296703296703296648e-01
1.245421245421245438e-01,3.296703296703296648e-01
1.245421245421245438e-01,3.315018315018314898e-01
1.269841269841269771e-01,3.315018315018314898e-01
1.269841269841269771e-01,3.333333333333333148e-01
1.282051282051281937e-01,3.333333333333333148e-01
1.282051282051281937e-01,3.351648351648351398e-01
1.318681318681318715e-01,3.351648351648351398e-01
1.318681318681318715e-01,3.388278388278388453e-01
1.324786324786324798e-01,3.388278388278388453e-01
1.324786324786324798e-01,3.479853479853479703e-01
1.330891330891330882e-01,3.479853479853479703e-01
1.330891330891330882e-01,3.498168498168497953e-01
1.355311355311355215e-01,3.498168498168497953e-01
1.355311355311355215e-01,3.516483516483516758e-01
1.373626373626373742e-01,3.516483516483516758e-01
1.373626373626373742e-01,3.534798534798535008e-01
1.385836385836385909e-01,3.534798534798535008e-01
1.385836385836385909e-01,3.571428571428571508e-01
1.391941391941391992e-01,3.571428571428571508e-01
1.391941391941391992e-01,3.589743589743589758e-01
1.416361416361416325e-01,3.589743589743589758e-01
1.416361416361416325e-01,3.608058608058608008e-01
1.422466422466422409e-01,3.608058608058608008e-01
1.422466422466422409e-01,3.626373626373626258e-01
1.428571428571428492e-01,3.626373626373626258e-01
1.428571428571428492e-01,3.663003663003662758e-01
1.434676434676434575e-01,3.663003663003662758e-01
1.434676434676434575e-01,3.681318681318681563e-01
1.440781440781440659e-01,3.681318681318681563e-01
1.440781440781440659e-01,3.754578754578754562e-01
1.477411477411477436e-01,3.754578754578754562e-01
1.477411477411477436e-01,3.772893772893772812e-01
1.483516483516483520e-01,3.772893772893772812e-01
1.483516483516483520e-01,3.791208791208791062e-01
1.520146520146520019e-01,3.791208791208791062e-01
1.520146520146520019e-01,3.827838827838827562e-01
1.526251526251526380e-01,3.827838827838827562e-01
1.526251526251526380e-01,3.846153846153846367e-01
1.544566544566544630e-01,3.846153846153846367e-01
1.544566544566544630e-01,3.864468864468864617e-01
1.562881562881562880e-01,3.864468864468864617e-01
1.562881562881562880e-01,3.882783882783882867e-01
1.568986568986568964e-01,3.882783882783882867e-01
1.568986568986568964e-01,3.901098901098901117e-01
1.587301587301587213e-01,3.901098901098901117e-01
1.587301587301587213e-01,3.919413919413919367e-01
1.599511599511599380e-01,3.919413919413919367e-01
1.599511599511599380e-01,3.974358974358974117e-01
1.611721611721611824e-01,3.974358974358974117e-01
1.611721611721611824e-01,3.992673992673992922e-01
1.623931623931623991e-01,3.992673992673992922e-01
1.623931623931623991e-01,4.010989010989011172e-01
1.630036630036630074e-01,4.010989010989011172e-01
1.630036630036630074e-01,4.029304029304029422e-01
1.654456654456654408e-01,4.029304029304029422e-01
1.654456654456654408e-01,4.047619047619047672e-01
1.684981684981685102e-01,4.047619047619047672e-01
1.684981684981685102e-01,4.102564102564102422e-01
1.703296703296703352e-01,4.102564102564102422e-01
1.703296703296703352e-01,4.120879120879120672e-01
1.727716727716727685e-01,4.120879120879120672e-01
1.727716727716727685e-01,4.175824175824175977e-01
1.733821733821733768e-01,4.175824175824175977e-01
1.733821733821733768e-01,4.212454212454212477e-01
1.764346764346764462e-01,4.212454212454212477e-01
1.764346764346764462e-01,4.230769230769230727e-01
1.813186813186813129e-01,4.230769230769230727e-01
1.813186813186813129e-01,4.267399267399267226e-01
1.837606837606837740e-01,4.267399267399267226e-01
1.837606837606837740e-01,4.285714285714285476e-01
1.843711843711843823e-01,4.285714285714285476e-01
1.843711843711843823e-01,4.304029304029304281e-01
1.849816849816849906e-01,4.304029304029304281e-01
1.849816849816849906e-01,4.322344322344322531e-01
1.886446886446886406e-01,4.322344322344322531e-01
1.886446886446886406e-01,4.340659340659340781e-01
1.892551892551892490e-01,4.340659340659340781e-01
1.892551892551892490e-01,4.358974358974359031e-01
1.898656898656898573e-01,4.358974358974359031e-01
1.898656898656898573e-01,4.413919413919413781e-01
1.904761904761904656e-01,4.413919413919413781e-01
1.904761904761904656e-01,4.450549450549450281e-01
1.935286935286935350e-01,4.450549450549450281e-01
1.935286935286935350e-01,4.487179487179487336e-01
1.978021978021977934e-01,4.487179487179487336e-01
1.978021978021977934e-01,4.505494505494505586e-01
1.996336996336996461e-01,4.505494505494505586e-01
1.996336996336996461e-01,4.542124542124542086e-01
2.002442002442002544e-01,4.542124542124542086e-01
2.002442002442002544e-01,4.560439560439560336e-01
2.014652014652014711e-01,4.560439560439560336e-01
2.014652014652014711e-01,4.578754578754578586e-01
2.026862026862026878e-01,4.578754578754578586e-01
2.026862026862026878e-01,4.597069597069596836e-01
2.032967032967032961e-01,4.597069597069596836e-01
2.032967032967032961e-01,4.652014652014652141e-01
2.124542124542124488e-01,4.652014652014652141e-01
2.124542124542124488e-01,4.670329670329670391e-01
2.130647130647130572e-01,4.670329670329670391e-01
2.130647130647130572e-01,4.688644688644688641e-01
2.161172161172161266e-01,4.688644688644688641e-01
2.161172161172161266e-01,4.706959706959706891e-01
2.179487179487179516e-01,4.706959706959706891e-01
2.179487179487179516e-01,4.725274725274725141e-01
2.197802197802197766e-01,4.725274725274725141e-01
2.197802197802197766e-01,4.743589743589743390e-01
2.203907203907203849e-01,4.743589743589743390e-01
2.203907203907203849e-01,4.780219780219780445e-01
2.216117216117216016e-01,4.780219780219780445e-01
2.216117216117216016e-01,4.798534798534798695e-01
2.234432234432234543e-01,4.798534798534798695e-01
2.234432234432234543e-01,4.835164835164835195e-01
2.246642246642246710e-01,4.835164835164835195e-01
2.246642246642246710e-01,4.871794871794871695e-01
2.283272283272283210e-01,4.871794871794871695e-01
2.283272283272283210e-01,4.890109890109889945e-01
2.326007326007326070e-01,4.890109890109889945e-01
2.326007326007326070e-01,4.926739926739927000e-01
2.332112332112332154e-01,4.926739926739927000e-01
2.332112332112332154e-01,4.945054945054945250e-01
2.344322344322344320e-01,4.945054945054945250e-01
2.356532356532356487e-01,4.945054945054945250e-01
2.374847374847374737e-01,4.945054945054945250e-01
2.374847374847374737e-01,4.981684981684981750e-01
2.380952380952380820e-01,4.981684981684981750e-01
2.380952380952380820e-01,5.018315018315018250e-01
2.387057387057387181e-01,5.018315018315018250e-01
2.387057387057387181e-01,5.091575091575091250e-01
2.411477411477411514e-01,5.091575091575091250e-01
2.411477411477411514e-01,5.109890109890109500e-01
2.417582417582417598e-01,5.109890109890109500e-01
2.417582417582417598e-01,5.146520146520146000e-01
2.429792429792429764e-01,5.146520146520146000e-01
2.429792429792429764e-01,5.164835164835165360e-01
2.442002442002441931e-01,5.164835164835165360e-01
2.442002442002441931e-01,5.201465201465201860e-01
2.454212454212454098e-01,5.201465201465201860e-01
2.454212454212454098e-01,5.238095238095238360e-01
2.484737484737484792e-01,5.238095238095238360e-01
2.484737484737484792e-01,5.274725274725274859e-01
2.490842490842490875e-01,5.274725274725274859e-01
2.490842490842490875e-01,5.293040293040293109e-01
2.496947496947496958e-01,5.293040293040293109e-01
2.496947496947496958e-01,5.329670329670329609e-01
2.509157509157509125e-01,5.329670329670329609e-01
2.509157509157509125e-01,5.347985347985347859e-01
2.515262515262515208e-01,5.347985347985347859e-01
2.515262515262515208e-01,5.366300366300366109e-01
2.539682539682539542e-01,5.366300366300366109e-01
2.539682539682539542e-01,5.384615384615384359e-01
2.637362637362637430e-01,5.384615384615384359e-01
2.637362637362637430e-01,5.402930402930402609e-01
2.655677655677655680e-01,5.402930402930402609e-01
2.655677655677655680e-01,5.421245421245420859e-01
2.710622710622710430e-01,5.421245421245420859e-01
2.710622710622710430e-01,5.439560439560439109e-01
2.722832722832722596e-01,5.439560439560439109e-01
2.722832722832722596e-01,5.457875457875457359e-01
2.777777777777777901e-01,5.457875457875457359e-01
2.777777777777777901e-01,5.512820512820513219e-01
2.796092796092796151e-01,5.512820512820513219e-01
2.796092796092796151e-01,5.531135531135531469e-01
2.826617826617826568e-01,5.531135531135531469e-01
2.826617826617826568e-01,5.549450549450549719e-01
2.832722832722832651e-01,5.549450549450549719e-01
2.832722832722832651e-01,5.567765567765567969e-01
2.893772893772894039e-01,5.567765567765567969e-01
2.893772893772894039e-01,5.586080586080586219e-01
2.899877899877900123e-01,5.586080586080586219e-01
2.899877899877900123e-01,5.604395604395604469e-01
2.930402930402930539e-01,5.604395604395604469e-01
2.942612942612942706e-01,5.604395604395604469e-01
2.942612942612942706e-01,5.622710622710622719e-01
2.997557997557997456e-01,5.622710622710622719e-01
2.997557997557997456e-01,5.641025641025640969e-01
3.003663003663003539e-01,5.641025641025640969e-01
3.003663003663003539e-01,5.659340659340659219e-01
3.034188034188033956e-01,5.659340659340659219e-01
3.034188034188033956e-01,5.695970695970695719e-01
3.046398046398046122e-01,5.695970695970695719e-01
3.046398046398046122e-01,5.714285714285713969e-01
3.083028083028083177e-01,5.714285714285713969e-01
3.083028083028083177e-01,5.732600732600732218e-01
3.089133089133089261e-01,5.732600732600732218e-01
3.089133089133089261e-01,5.750915750915750468e-01
3.119658119658119677e-01,5.750915750915750468e-01
3.119658119658119677e-01,5.787545787545788079e-01
3.131868131868131844e-01,5.787545787545788079e-01
3.131868131868131844e-01,5.824175824175824578e-01
3.144078144078144010e-01,5.824175824175824578e-01
3.144078144078144010e-01,5.842490842490842828e-01
3.156288156288156177e-01,5.842490842490842828e-01
3.156288156288156177e-01,5.897435897435897578e-01
3.162393162393162260e-01,5.897435897435897578e-01
3.162393162393162260e-01,5.915750915750915828e-01
3.174603174603174427e-01,5.915750915750915828e-01
3.174603174603174427e-01,5.952380952380952328e-01
3.260073260073260148e-01,5.952380952380952328e-01
3.260073260073260148e-01,5.970695970695970578e-01
3.315018315018314898e-01,5.970695970695970578e-01
3.315018315018314898e-01,5.989010989010988828e-01
3.339438339438339232e-01,5.989010989010988828e-01
3.339438339438339232e-01,6.007326007326007078e-01
3.351648351648351398e-01,6.007326007326007078e-01
3.351648351648351398e-01,6.025641025641025328e-01
3.369963369963370203e-01,6.025641025641025328e-01
3.369963369963370203e-01,6.043956043956043578e-01
3.376068376068376287e-01,6.043956043956043578e-01
3.388278388278388453e-01,6.043956043956043578e-01
3.431013431013431036e-01,6.043956043956043578e-01
3.431013431013431036e-01,6.062271062271061828e-01
3.449328449328449286e-01,6.062271062271061828e-01
3.449328449328449286e-01,6.080586080586080078e-01
3.455433455433455370e-01,6.080586080586080078e-01
3.455433455433455370e-01,6.098901098901099438e-01
3.479853479853479703e-01,6.098901098901099438e-01
3.479853479853479703e-01,6.117216117216117688e-01
3.485958485958485786e-01,6.117216117216117688e-01
3.485958485958485786e-01,6.135531135531135938e-01
3.492063492063491870e-01,6.135531135531135938e-01
3.492063492063491870e-01,6.153846153846154188e-01
3.498168498168497953e-01,6.153846153846154188e-01
3.498168498168497953e-01,6.172161172161172438e-01
3.516483516483516758e-01,6.172161172161172438e-01
3.516483516483516758e-01,6.208791208791208938e-01
3.522588522588522841e-01,6.208791208791208938e-01
3.522588522588522841e-01,6.227106227106227188e-01
3.528693528693528925e-01,6.227106227106227188e-01
3.528693528693528925e-01,6.282051282051281937e-01
3.534798534798535008e-01,6.282051282051281937e-01
3.534798534798535008e-01,6.300366300366300187e-01
3.571428571428571508e-01,6.300366300366300187e-01
3.571428571428571508e-01,6.336996336996336687e-01
3.583638583638583675e-01,6.336996336996336687e-01
3.583638583638583675e-01,6.355311355311354937e-01
3.638583638583638424e-01,6.355311355311354937e-01
3.638583638583638424e-01,6.373626373626373187e-01
3.663003663003662758e-01,6.373626373626373187e-01
3.663003663003662758e-01,6.391941391941391437e-01
3.687423687423687646e-01,6.391941391941391437e-01
3.687423687423687646e-01,6.446886446886447297e-01
3.711843711843711979e-01,6.446886446886447297e-01
3.711843711843711979e-01,6.465201465201465547e-01
3.724053724053724146e-01,6.465201465201465547e-01
3.724053724053724146e-01,6.483516483516483797e-01
3.736263736263736313e-01,6.483516483516483797e-01
3.742368742368742396e-01,6.483516483516483797e-01
3.742368742368742396e-01,6.520146520146520297e-01
3.748473748473748479e-01,6.520146520146520297e-01
3.748473748473748479e-01,6.556776556776556797e-01
3.772893772893772812e-01,6.556776556776556797e-01
3.772893772893772812e-01,6.611721611721611547e-01
3.803418803418803229e-01,6.611721611721611547e-01
3.803418803418803229e-01,6.648351648351648047e-01
3.821733821733821479e-01,6.648351648351648047e-01
3.821733821733821479e-01,6.666666666666666297e-01
3.827838827838827562e-01,6.666666666666666297e-01
3.827838827838827562e-01,6.684981684981684547e-01
3.846153846153846367e-01,6.684981684981684547e-01
3.846153846153846367e-01,6.721611721611722157e-01
3.876678876678876784e-01,6.721611721611722157e-01
3.876678876678876784e-01,6.739926739926740407e-01
3.913308913308913284e-01,6.739926739926740407e-01
3.913308913308913284e-01,6.758241758241758657e-01
3.919413919413919367e-01,6.758241758241758657e-01
3.919413919413919367e-01,6.776556776556776907e-01
3.937728937728937617e-01,6.776556776556776907e-01
3.937728937728937617e-01,6.794871794871795156e-01
3.974358974358974117e-01,6.794871794871795156e-01
3.974358974358974117e-01,6.813186813186813406e-01
3.998778998778999005e-01,6.813186813186813406e-01
3.998778998778999005e-01,6.831501831501831656e-01
4.010989010989011172e-01,6.831501831501831656e-01
4.010989010989011172e-01,6.868131868131868156e-01
4.017094017094017255e-01,6.868131868131868156e-01
4.017094017094017255e-01,6.886446886446886406e-01
4.047619047619047672e-01,6.886446886446886406e-01
4.047619047619047672e-01,6.904761904761904656e-01
4.059829059829059839e-01,6.904761904761904656e-01
4.059829059829059839e-01,6.941391941391941156e-01
4.084249084249084172e-01,6.941391941391941156e-01
4.084249084249084172e-01,6.959706959706959406e-01
4.157509157509157727e-01,6.959706959706959406e-01
4.157509157509157727e-01,6.978021978021977656e-01
4.224664224664224643e-01,6.978021978021977656e-01
4.224664224664224643e-01,6.996336996336995906e-01
4.242979242979242893e-01,6.996336996336995906e-01
4.242979242979242893e-01,7.051282051282051766e-01
4.255189255189255060e-01,7.051282051282051766e-01
4.255189255189255060e-01,7.069597069597070016e-01
4.273504273504273310e-01,7.069597069597070016e-01
4.273504273504273310e-01,7.106227106227106516e-01
4.291819291819291560e-01,7.106227106227106516e-01
4.291819291819291560e-01,7.142857142857143016e-01
4.334554334554334698e-01,7.142857142857143016e-01
4.334554334554334698e-01,7.161172161172161266e-01
4.365079365079365115e-01,7.161172161172161266e-01
4.365079365079365115e-01,7.179487179487179516e-01
4.383394383394383365e-01,7.179487179487179516e-01
4.383394383394383365e-01,7.216117216117216016e-01
4.420024420024419864e-01,7.216117216117216016e-01
4.420024420024419864e-01,7.234432234432234265e-01
4.426129426129425948e-01,7.234432234432234265e-01
4.426129426129425948e-01,7.252747252747252515e-01
4.438339438339438114e-01,7.252747252747252515e-01
4.438339438339438114e-01,7.271062271062270765e-01
4.481074481074481253e-01,7.271062271062270765e-01
4.481074481074481253e-01,7.289377289377289015e-01
4.487179487179487336e-01,7.289377289377289015e-01
4.487179487179487336e-01,7.307692307692307265e-01
4.536019536019536003e-01,7.307692307692307265e-01
4.536019536019536003e-01,7.326007326007325515e-01
4.542124542124542086e-01,7.326007326007325515e-01
4.542124542124542086e-01,7.344322344322344875e-01
4.554334554334554253e-01,7.344322344322344875e-01
4.554334554334554253e-01,7.362637362637363125e-01
4.566544566544566419e-01,7.362637362637363125e-01
4.566544566544566419e-01,7.380952380952381375e-01
4.603174603174602919e-01,7.380952380952381375e-01
4.603174603174602919e-01,7.399267399267399625e-01
4.627594627594627807e-01,7.399267399267399625e-01
4.627594627594627807e-01,7.417582417582417875e-01
4.633699633699633891e-01,7.417582417582417875e-01
4.633699633699633891e-01,7.454212454212454375e-01
4.652014652014652141e-01,7.454212454212454375e-01
4.652014652014652141e-01,7.472527472527472625e-01
4.694749694749694724e-01,7.472527472527472625e-01
4.694749694749694724e-01,7.490842490842490875e-01
4.700854700854700807e-01,7.490842490842490875e-01
4.700854700854700807e-01,7.527472527472527375e-01
4.706959706959706891e-01,7.527472527472527375e-01
4.706959706959706891e-01,7.545787545787545625e-01
4.719169719169719057e-01,7.545787545787545625e-01
4.731379731379731224e-01,7.545787545787545625e-01
4.780219780219780445e-01,7.545787545787545625e-01
4.780219780219780445e-01,7.564102564102563875e-01
4.786324786324786529e-01,7.564102564102563875e-01
4.786324786324786529e-01,7.582417582417582125e-01
4.847374847374847362e-01,7.582417582417582125e-01
4.847374847374847362e-01,7.600732600732600375e-01
4.902319902319902112e-01,7.600732600732600375e-01
4.914529914529914278e-01,7.600732600732600375e-01
4.993894993894993917e-01,7.600732600732600375e-01
4.993894993894993917e-01,7.619047619047618625e-01
5.079365079365079083e-01,7.619047619047618625e-01
5.079365079365079083e-01,7.637362637362636875e-01
5.091575091575091250e-01,7.637362637362636875e-01
5.091575091575091250e-01,7.655677655677655125e-01
5.109890109890109500e-01,7.655677655677655125e-01
5.109890109890109500e-01,7.673992673992674485e-01
5.122100122100121666e-01,7.673992673992674485e-01
5.122100122100121666e-01,7.692307692307692735e-01
5.183150183150183610e-01,7.692307692307692735e-01
5.183150183150183610e-01,7.710622710622710985e-01
5.225885225885226193e-01,7.710622710622710985e-01
5.225885225885226193e-01,7.728937728937729235e-01
5.256410256410256610e-01,7.728937728937729235e-01
5.256410256410256610e-01,7.747252747252747485e-01
5.262515262515262693e-01,7.747252747252747485e-01
5.262515262515262693e-01,7.765567765567765735e-01
5.268620268620268776e-01,7.765567765567765735e-01
5.268620268620268776e-01,7.783882783882783984e-01
5.280830280830280943e-01,7.783882783882783984e-01
5.280830280830280943e-01,7.802197802197802234e-01
5.311355311355311359e-01,7.802197802197802234e-01
5.311355311355311359e-01,7.857142857142856984e-01
5.341880341880341776e-01,7.857142857142856984e-01
5.341880341880341776e-01,7.875457875457875234e-01
5.390720390720390442e-01,7.875457875457875234e-01
5.390720390720390442e-01,7.893772893772893484e-01
5.415140415140414776e-01,7.893772893772893484e-01
5.415140415140414776e-01,7.912087912087911734e-01
5.421245421245420859e-01,7.912087912087911734e-01
5.421245421245420859e-01,7.948717948717948234e-01
5.445665445665445192e-01,7.948717948717948234e-01
5.445665445665445192e-01,7.967032967032966484e-01
5.470085470085470636e-01,7.967032967032966484e-01
5.470085470085470636e-01,7.985347985347985844e-01
5.482295482295482802e-01,7.985347985347985844e-01
5.482295482295482802e-01,8.003663003663004094e-01
5.561660561660561886e-01,8.003663003663004094e-01
5.561660561660561886e-01,8.021978021978022344e-01
5.579975579975580136e-01,8.021978021978022344e-01
5.579975579975580136e-01,8.058608058608058844e-01
5.622710622710622719e-01,8.058608058608058844e-01
5.622710622710622719e-01,8.095238095238095344e-01
5.653235653235653135e-01,8.095238095238095344e-01
5.653235653235653135e-01,8.113553113553113594e-01
5.720390720390720052e-01,8.113553113553113594e-01
5.720390720390720052e-01,8.131868131868131844e-01
5.732600732600732218e-01,8.131868131868131844e-01
5.732600732600732218e-01,8.150183150183150094e-01
5.744810744810744385e-01,8.150183150183150094e-01
5.744810744810744385e-01,8.168498168498168344e-01
5.757020757020756552e-01,8.168498168498168344e-01
5.757020757020756552e-01,8.223443223443223093e-01
5.763125763125762635e-01,8.223443223443223093e-01
5.763125763125762635e-01,8.241758241758241343e-01
5.769230769230768718e-01,8.241758241758241343e-01
5.769230769230768718e-01,8.260073260073259593e-01
5.799755799755800245e-01,8.260073260073259593e-01
5.799755799755800245e-01,8.278388278388277843e-01
5.909645909645909745e-01,8.278388278388277843e-01
5.909645909645909745e-01,8.296703296703297204e-01
5.915750915750915828e-01,8.296703296703297204e-01
5.915750915750915828e-01,8.315018315018315453e-01
5.921855921855921912e-01,8.315018315018315453e-01
5.921855921855921912e-01,8.351648351648351953e-01
5.940170940170940161e-01,8.351648351648351953e-01
5.940170940170940161e-01,8.369963369963370203e-01
5.958485958485958411e-01,8.369963369963370203e-01
5.958485958485958411e-01,8.388278388278388453e-01
5.964590964590964495e-01,8.388278388278388453e-01
5.964590964590964495e-01,8.406593406593406703e-01
6.031746031746031411e-01,8.406593406593406703e-01
6.031746031746031411e-01,8.424908424908424953e-01
6.074481074481073994e-01,8.424908424908424953e-01
6.074481074481073994e-01,8.443223443223443203e-01
6.092796092796092244e-01,8.443223443223443203e-01
6.105006105006105521e-01,8.443223443223443203e-01
6.135531135531135938e-01,8.443223443223443203e-01
6.135531135531135938e-01,8.461538461538461453e-01
6.153846153846154188e-01,8.461538461538461453e-01
6.153846153846154188e-01,8.479853479853479703e-01
6.184371184371184604e-01,8.479853479853479703e-01
6.184371184371184604e-01,8.498168498168497953e-01
6.196581196581196771e-01,8.498168498168497953e-01
6.196581196581196771e-01,8.516483516483516203e-01
6.227106227106227188e-01,8.516483516483516203e-01
6.227106227106227188e-01,8.534798534798534453e-01
6.233211233211233271e-01,8.534798534798534453e-01
6.233211233211233271e-01,8.553113553113552703e-01
6.251526251526251521e-01,8.553113553113552703e-01
6.251526251526251521e-01,8.571428571428570953e-01
6.312576312576312354e-01,8.571428571428570953e-01
6.312576312576312354e-01,8.589743589743589203e-01
6.361416361416361021e-01,8.589743589743589203e-01
6.361416361416361021e-01,8.608058608058608563e-01
6.398046398046397520e-01,8.608058608058608563e-01
6.398046398046397520e-01,8.626373626373626813e-01
6.440781440781441214e-01,8.626373626373626813e-01
6.440781440781441214e-01,8.644688644688645063e-01
6.599511599511599380e-01,8.644688644688645063e-01
6.599511599511599380e-01,8.663003663003663313e-01
6.617826617826617630e-01,8.663003663003663313e-01
6.617826617826617630e-01,8.681318681318681563e-01
6.672771672771672380e-01,8.681318681318681563e-01
6.672771672771672380e-01,8.699633699633699813e-01
6.739926739926740407e-01,8.699633699633699813e-01
6.739926739926740407e-01,8.736263736263736313e-01
6.855921855921855990e-01,8.736263736263736313e-01
6.855921855921855990e-01,8.754578754578754562e-01
6.862026862026862073e-01,8.754578754578754562e-01
6.862026862026862073e-01,8.772893772893772812e-01
6.880341880341880323e-01,8.772893772893772812e-01
6.880341880341880323e-01,8.791208791208791062e-01
6.886446886446886406e-01,8.791208791208791062e-01
6.886446886446886406e-01,8.809523809523809312e-01
6.904761904761904656e-01,8.809523809523809312e-01
6.904761904761904656e-01,8.827838827838827562e-01
6.947496947496947239e-01,8.827838827838827562e-01
6.947496947496947239e-01,8.846153846153845812e-01
6.984126984126983739e-01,8.846153846153845812e-01
6.984126984126983739e-01,8.864468864468864062e-01
7.002442002442001989e-01,8.864468864468864062e-01
7.002442002442001989e-01,8.901098901098900562e-01
7.087912087912088266e-01,8.901098901098900562e-01
7.087912087912088266e-01,8.919413919413919922e-01
7.136752136752136932e-01,8.919413919413919922e-01
7.136752136752136932e-01,8.937728937728938172e-01
7.179487179487179516e-01,8.937728937728938172e-01
7.179487179487179516e-01,8.956043956043956422e-01
7.185592185592185599e-01,8.956043956043956422e-01
7.185592185592185599e-01,8.974358974358974672e-01
7.246642246642246432e-01,8.974358974358974672e-01
7.246642246642246432e-01,8.992673992673992922e-01
7.332112332112331599e-01,8.992673992673992922e-01
7.332112332112331599e-01,9.010989010989011172e-01
7.344322344322344875e-01,9.010989010989011172e-01
7.344322344322344875e-01,9.029304029304029422e-01
7.374847374847375292e-01,9.029304029304029422e-01
7.374847374847375292e-01,9.047619047619047672e-01
7.393162393162393542e-01,9.047619047619047672e-01
7.393162393162393542e-01,9.065934065934065922e-01
7.411477411477411792e-01,9.065934065934065922e-01
7.411477411477411792e-01,9.084249084249084172e-01
7.460317460317460458e-01,9.084249084249084172e-01
7.460317460317460458e-01,9.120879120879120672e-01
7.576312576312576041e-01,9.120879120879120672e-01
7.576312576312576041e-01,9.139194139194138922e-01
7.594627594627594291e-01,9.139194139194138922e-01
7.594627594627594291e-01,9.157509157509157172e-01
7.612942612942612541e-01,9.157509157509157172e-01
7.612942612942612541e-01,9.175824175824175422e-01
7.649572649572649041e-01,9.175824175824175422e-01
7.649572649572649041e-01,9.194139194139193672e-01
7.655677655677655125e-01,9.194139194139193672e-01
7.655677655677655125e-01,9.212454212454211921e-01
7.661782661782662318e-01,9.212454212454211921e-01
7.661782661782662318e-01,9.230769230769231282e-01
7.808302808302808318e-01,9.230769230769231282e-01
7.808302808302808318e-01,9.249084249084249532e-01
7.820512820512820484e-01,9.249084249084249532e-01
7.820512820512820484e-01,9.267399267399267782e-01
7.936507936507936067e-01,9.267399267399267782e-01
7.936507936507936067e-01,9.285714285714286031e-01
7.960927960927960401e-01,9.285714285714286031e-01
7.960927960927960401e-01,9.322344322344322531e-01
8.101343101343101427e-01,9.322344322344322531e-01
8.101343101343101427e-01,9.340659340659340781e-01
8.144078144078144010e-01,9.340659340659340781e-01
8.144078144078144010e-01,9.377289377289377281e-01
8.205128205128204844e-01,9.377289377289377281e-01
8.205128205128204844e-01,9.395604395604395531e-01
8.235653235653235260e-01,9.395604395604395531e-01
8.235653235653235260e-01,9.413919413919413781e-01
8.327228327228327620e-01,9.413919413919413781e-01
8.327228327228327620e-01,9.432234432234432031e-01
8.333333333333333703e-01,9.432234432234432031e-01
8.333333333333333703e-01,9.450549450549450281e-01
8.345543345543345870e-01,9.450549450549450281e-01
8.345543345543345870e-01,9.468864468864468531e-01
8.357753357753358037e-01,9.468864468864468531e-01
8.357753357753358037e-01,9.487179487179486781e-01
8.376068376068376287e-01,9.487179487179486781e-01
8.376068376068376287e-01,9.505494505494505031e-01
8.382173382173382370e-01,9.505494505494505031e-01
8.382173382173382370e-01,9.523809523809523281e-01
8.406593406593406703e-01,9.523809523809523281e-01
8.406593406593406703e-01,9.542124542124542641e-01
8.461538461538461453e-01,9.542124542124542641e-01
8.461538461538461453e-01,9.560439560439560891e-01
8.467643467643467536e-01,9.560439560439560891e-01
8.467643467643467536e-01,9.578754578754579141e-01
8.479853479853479703e-01,9.578754578754579141e-01
8.492063492063491870e-01,9.578754578754579141e-01
8.510378510378510120e-01,9.578754578754579141e-01
8.510378510378510120e-01,9.597069597069597391e-01
8.522588522588522286e-01,9.597069597069597391e-01
8.522588522588522286e-01,9.615384615384615641e-01
8.534798534798534453e-01,9.615384615384615641e-01
8.534798534798534453e-01,9.633699633699633891e-01
8.565323565323564869e-01,9.633699633699633891e-01
8.565323565323564869e-01,9.652014652014652141e-01
8.571428571428570953e-01,9.652014652014652141e-01
8.571428571428570953e-01,9.670329670329670391e-01
8.601953601953602480e-01,9.670329670329670391e-01
8.601953601953602480e-01,9.688644688644688641e-01
8.675213675213675479e-01,9.688644688644688641e-01
8.675213675213675479e-01,9.706959706959706891e-01
8.693528693528693729e-01,9.706959706959706891e-01
8.693528693528693729e-01,9.725274725274725141e-01
8.736263736263736313e-01,9.725274725274725141e-01
8.736263736263736313e-01,9.743589743589743390e-01
8.748473748473748479e-01,9.743589743589743390e-01
8.748473748473748479e-01,9.761904761904761640e-01
8.821733821733821479e-01,9.761904761904761640e-01
8.821733821733821479e-01,9.780219780219779890e-01
8.925518925518926006e-01,9.780219780219779890e-01
8.925518925518926006e-01,9.798534798534798140e-01
8.943833943833944256e-01,9.798534798534798140e-01
8.943833943833944256e-01,9.816849816849816390e-01
8.956043956043956422e-01,9.816849816849816390e-01
8.956043956043956422e-01,9.835164835164834640e-01
8.980463980463980755e-01,9.835164835164834640e-01
8.980463980463980755e-01,9.871794871794872250e-01
9.029304029304029422e-01,9.871794871794872250e-01
9.029304029304029422e-01,9.890109890109890500e-01
9.102564102564102422e-01,9.890109890109890500e-01
9.102564102564102422e-01,9.908424908424908750e-01
9.139194139194138922e-01,9.908424908424908750e-01
9.139194139194138922e-01,9.926739926739927000e-01
9.224664224664225198e-01,9.926739926739927000e-01
9.224664224664225198e-01,9.945054945054945250e-01
9.242979242979243448e-01,9.945054945054945250e-01
9.242979242979243448e-01,9.963369963369963500e-01
9.316239316239316448e-01,9.963369963369963500e-01
9.316239316239316448e-01,9.981684981684981750e-01
9.334554334554334698e-01,9.981684981684981750e-01
9.334554334554334698e-01,1.000000000000000000e+00
9.487179487179486781e-01,1.000000000000000000e+00
9.499389499389498948e-01,1.000000000000000000e+00
1.000000000000000000e+00,1.000000000000000000e+00
