FPR,TPR
0.000000000000000000e+00,0.000000000000000000e+00
0.000000000000000000e+00,1.183431952662721909e-03
0.000000000000000000e+00,1.775147928994082885e-02
3.944773175542406183e-04,1.775147928994082885e-02
1.183431952662721909e-03,1.775147928994082885e-02
1.183431952662721909e-03,2.485207100591715901e-02
1.577909270216962473e-03,2.485207100591715901e-02
1.577909270216962473e-03,2.603550295857988070e-02
1.972386587771203254e-03,2.603550295857988070e-02
1.972386587771203254e-03,2.958579881656804578e-02
2.366863905325443818e-03,2.958579881656804578e-02
2.366863905325443818e-03,3.786982248520710109e-02
2.761341222879684382e-03,3.786982248520710109e-02
2.761341222879684382e-03,4.023668639053254448e-02
4.339250493096647072e-03,4.023668639053254448e-02
4.339250493096647072e-03,4.378698224852071302e-02
4.733727810650887637e-03,4.378698224852071302e-02
4.733727810650887637e-03,4.615384615384615641e-02
5.128205128205128201e-03,4.615384615384615641e-02
5.128205128205128201e-03,5.088757396449704318e-02
5.917159763313609329e-03,5.088757396449704318e-02
5.917159763313609329e-03,5.443786982248520478e-02
6.311637080867849893e-03,5.443786982248520478e-02
6.311637080867849893e-03,5.562130177514792995e-02
6.706114398422090457e-03,5.562130177514792995e-02
6.706114398422090457e-03,5.798816568047337333e-02
7.100591715976331021e-03,5.798816568047337333e-02
7.100591715976331021e-03,6.035502958579881672e-02
7.495069033530571585e-03,6.035502958579881672e-02
7.495069033530571585e-03,6.508875739644970349e-02
7.889546351084813017e-03,6.508875739644970349e-02
7.889546351084813017e-03,6.627218934911242865e-02
8.678500986193294145e-03,6.627218934911242865e-02
8.678500986193294145e-03,6.745562130177515381e-02
1.025641025641025640e-02,6.745562130177515381e-02
1.025641025641025640e-02,6.863905325443786509e-02
1.065088757396449697e-02,6.863905325443786509e-02
1.065088757396449697e-02,7.455621301775147702e-02
1.104536489151873753e-02,7.455621301775147702e-02
1.104536489151873753e-02,7.573964497041420219e-02
1.143984220907297809e-02,7.573964497041420219e-02
1.143984220907297809e-02,7.810650887573963863e-02
1.183431952662721866e-02,7.810650887573963863e-02
1.183431952662721866e-02,7.928994082840236379e-02
1.222879684418145922e-02,7.928994082840236379e-02
1.222879684418145922e-02,8.520710059171597572e-02
1.262327416173569979e-02,8.520710059171597572e-02
1.262327416173569979e-02,8.875739644970413733e-02
1.301775147928994035e-02,8.875739644970413733e-02
1.301775147928994035e-02,8.994082840236686249e-02
1.341222879684418091e-02,8.994082840236686249e-02
1.341222879684418091e-02,9.112426035502958765e-02
1.380670611439842148e-02,9.112426035502958765e-02
1.380670611439842148e-02,9.585798816568047442e-02
1.420118343195266204e-02,9.585798816568047442e-02
1.420118343195266204e-02,9.822485207100591087e-02
1.459566074950690261e-02,9.822485207100591087e-02
1.459566074950690261e-02,1.076923076923076983e-01
1.499013806706114317e-02,1.076923076923076983e-01
1.499013806706114317e-02,1.088757396449704096e-01
1.656804733727810716e-02,1.088757396449704096e-01
1.656804733727810716e-02,1.112426035502958599e-01
1.696252465483234773e-02,1.112426035502958599e-01
1.696252465483234773e-02,1.136094674556212963e-01
1.735700197238658829e-02,1.136094674556212963e-01
1.735700197238658829e-02,1.147928994082840215e-01
1.775147928994082885e-02,1.147928994082840215e-01
1.775147928994082885e-02,1.230769230769230838e-01
1.932938856015779111e-02,1.230769230769230838e-01
1.932938856015779111e-02,1.242603550295857950e-01
2.090729783037475337e-02,1.242603550295857950e-01
2.090729783037475337e-02,1.278106508875739566e-01
2.169625246548323450e-02,1.278106508875739566e-01
2.169625246548323450e-02,1.301775147928994070e-01
2.209072978303747506e-02,1.301775147928994070e-01
2.209072978303747506e-02,1.313609467455621183e-01
2.248520710059171562e-02,1.313609467455621183e-01
2.248520710059171562e-02,1.349112426035503076e-01
2.287968441814595619e-02,1.349112426035503076e-01
2.287968441814595619e-02,1.360946745562130189e-01
2.366863905325443732e-02,1.360946745562130189e-01
2.366863905325443732e-02,1.384615384615384692e-01
2.406311637080867788e-02,1.384615384615384692e-01
2.406311637080867788e-02,1.396449704142011805e-01
2.445759368836291844e-02,1.396449704142011805e-01
2.445759368836291844e-02,1.408284023668638918e-01
2.485207100591715901e-02,1.408284023668638918e-01
2.485207100591715901e-02,1.420118343195266308e-01
2.524654832347139957e-02,1.420118343195266308e-01
2.524654832347139957e-02,1.431952662721893421e-01
2.642998027613412126e-02,1.431952662721893421e-01
2.642998027613412126e-02,1.443786982248520812e-01
2.840236686390532408e-02,1.443786982248520812e-01
2.840236686390532408e-02,1.455621301775147924e-01
2.879684418145956465e-02,1.455621301775147924e-01
2.879684418145956465e-02,1.467455621301775037e-01
2.919132149901380521e-02,1.467455621301775037e-01
2.919132149901380521e-02,1.502958579881656931e-01
2.998027613412228634e-02,1.502958579881656931e-01
2.998027613412228634e-02,1.514792899408284044e-01
3.037475345167652691e-02,1.514792899408284044e-01
3.037475345167652691e-02,1.526627218934911157e-01
3.116370808678501150e-02,1.526627218934911157e-01
3.116370808678501150e-02,1.538461538461538547e-01
3.155818540433925207e-02,1.538461538461538547e-01
3.155818540433925207e-02,1.562130177514792773e-01
3.195266272189348916e-02,1.562130177514792773e-01
3.195266272189348916e-02,1.573964497041420163e-01
3.274161735700197029e-02,1.573964497041420163e-01
3.274161735700197029e-02,1.585798816568047276e-01
3.353057199211045142e-02,1.585798816568047276e-01
3.353057199211045142e-02,1.656804733727810786e-01
3.589743589743589480e-02,1.656804733727810786e-01
3.589743589743589480e-02,1.668639053254437898e-01
3.905325443786981932e-02,1.668639053254437898e-01
3.905325443786981932e-02,1.680473372781065011e-01
4.063116370808678157e-02,1.680473372781065011e-01
4.063116370808678157e-02,1.704142011834319514e-01
4.142011834319526964e-02,1.704142011834319514e-01
4.142011834319526964e-02,1.715976331360946627e-01
4.181459566074950673e-02,1.715976331360946627e-01
4.181459566074950673e-02,1.751479289940828521e-01
4.220907297830375077e-02,1.751479289940828521e-01
4.220907297830375077e-02,1.810650887573964363e-01
4.497041420118343125e-02,1.810650887573964363e-01
4.497041420118343125e-02,1.822485207100591753e-01
4.615384615384615641e-02,1.822485207100591753e-01
4.615384615384615641e-02,1.846153846153846256e-01
4.654832347140039350e-02,1.846153846153846256e-01
4.654832347140039350e-02,1.857988165680473369e-01
4.733727810650887463e-02,1.857988165680473369e-01
4.733727810650887463e-02,1.893491124260354985e-01
4.773175542406311866e-02,1.893491124260354985e-01
4.773175542406311866e-02,1.917159763313609488e-01
4.891518737672583689e-02,1.917159763313609488e-01
4.891518737672583689e-02,1.928994082840236601e-01
5.049309664694279914e-02,1.928994082840236601e-01
5.049309664694279914e-02,1.964497041420118217e-01
5.088757396449704318e-02,1.964497041420118217e-01
5.088757396449704318e-02,1.976331360946745608e-01
5.167652859960552431e-02,1.976331360946745608e-01
5.167652859960552431e-02,2.000000000000000111e-01
5.207100591715976140e-02,2.000000000000000111e-01
5.207100591715976140e-02,2.011834319526627224e-01
5.246548323471400543e-02,2.011834319526627224e-01
5.246548323471400543e-02,2.035502958579881727e-01
5.325443786982248656e-02,2.035502958579881727e-01
5.325443786982248656e-02,2.047337278106508840e-01
5.562130177514792995e-02,2.047337278106508840e-01
5.562130177514792995e-02,2.082840236686390456e-01
5.601577909270216704e-02,2.082840236686390456e-01
5.601577909270216704e-02,2.094674556213017846e-01
5.641025641025641107e-02,2.094674556213017846e-01
5.641025641025641107e-02,2.106508875739644959e-01
5.996055226824457268e-02,2.106508875739644959e-01
5.996055226824457268e-02,2.118343195266272072e-01
6.074950690335305381e-02,2.118343195266272072e-01
6.074950690335305381e-02,2.130177514792899462e-01
6.114398422090729784e-02,2.130177514792899462e-01
6.114398422090729784e-02,2.142011834319526575e-01
6.193293885601577897e-02,2.142011834319526575e-01
6.193293885601577897e-02,2.153846153846153966e-01
6.232741617357002301e-02,2.153846153846153966e-01
6.232741617357002301e-02,2.165680473372781079e-01
6.272189349112426704e-02,2.165680473372781079e-01
6.272189349112426704e-02,2.177514792899408191e-01
6.311637080867850413e-02,2.177514792899408191e-01
6.311637080867850413e-02,2.189349112426035582e-01
6.429980276134122930e-02,2.189349112426035582e-01
6.429980276134122930e-02,2.201183431952662695e-01
6.548323471400394058e-02,2.201183431952662695e-01
6.548323471400394058e-02,2.213017751479289807e-01
6.666666666666666574e-02,2.213017751479289807e-01
6.666666666666666574e-02,2.224852071005917198e-01
6.745562130177515381e-02,2.224852071005917198e-01
6.745562130177515381e-02,2.236686390532544311e-01
6.785009861932939090e-02,2.236686390532544311e-01
6.785009861932939090e-02,2.343195266272189436e-01
6.824457593688362800e-02,2.343195266272189436e-01
6.824457593688362800e-02,2.355029585798816549e-01
6.863905325443786509e-02,2.355029585798816549e-01
6.863905325443786509e-02,2.378698224852071053e-01
6.903353057199211606e-02,2.378698224852071053e-01
6.903353057199211606e-02,2.402366863905325556e-01
6.942800788954635316e-02,2.402366863905325556e-01
6.942800788954635316e-02,2.426035502958579781e-01
7.021696252465482735e-02,2.426035502958579781e-01
7.021696252465482735e-02,2.449704142011834285e-01
7.061143984220907832e-02,2.449704142011834285e-01
7.061143984220907832e-02,2.461538461538461675e-01
7.179487179487178961e-02,2.461538461538461675e-01
7.179487179487178961e-02,2.497041420118343291e-01
7.218934911242604058e-02,2.497041420118343291e-01
7.218934911242604058e-02,2.508875739644970682e-01
7.416173570019723993e-02,2.508875739644970682e-01
7.495069033530571412e-02,2.508875739644970682e-01
7.731755424063116444e-02,2.508875739644970682e-01
7.731755424063116444e-02,2.532544378698224907e-01
7.889546351084812670e-02,2.532544378698224907e-01
7.889546351084812670e-02,2.544378698224852298e-01
8.047337278106508895e-02,2.544378698224852298e-01
8.047337278106508895e-02,2.556213017751479133e-01
8.086785009861932605e-02,2.556213017751479133e-01
8.086785009861932605e-02,2.591715976331360749e-01
8.205128205128205121e-02,2.591715976331360749e-01
8.205128205128205121e-02,2.615384615384615530e-01
8.520710059171597572e-02,2.615384615384615530e-01
8.520710059171597572e-02,2.639053254437869755e-01
8.560157790927021282e-02,2.639053254437869755e-01
8.560157790927021282e-02,2.662721893491124536e-01
8.599605522682446379e-02,2.662721893491124536e-01
8.599605522682446379e-02,2.674556213017751372e-01
8.639053254437870089e-02,2.674556213017751372e-01
8.717948717948717507e-02,2.674556213017751372e-01
8.717948717948717507e-02,2.686390532544378762e-01
8.836291913214990024e-02,2.686390532544378762e-01
8.836291913214990024e-02,2.698224852071006152e-01
8.954635108481262540e-02,2.698224852071006152e-01
8.954635108481262540e-02,2.721893491124260378e-01
9.033530571992109959e-02,2.721893491124260378e-01
9.033530571992109959e-02,2.733727810650887768e-01
9.191321499013806184e-02,2.733727810650887768e-01
9.191321499013806184e-02,2.757396449704141994e-01
9.270216962524654991e-02,2.757396449704141994e-01
9.270216962524654991e-02,2.769230769230769384e-01
9.428007889546351217e-02,2.769230769230769384e-01
9.428007889546351217e-02,2.792899408284023610e-01
9.467455621301774926e-02,2.792899408284023610e-01
9.467455621301774926e-02,2.804733727810651001e-01
9.585798816568047442e-02,2.804733727810651001e-01
9.585798816568047442e-02,2.816568047337277836e-01
9.743589743589743668e-02,2.816568047337277836e-01
9.743589743589743668e-02,2.840236686390532617e-01
9.822485207100591087e-02,2.840236686390532617e-01
9.822485207100591087e-02,2.852071005917160007e-01
9.861932938856016184e-02,2.852071005917160007e-01
9.861932938856016184e-02,2.863905325443786842e-01
9.901380670611439894e-02,2.863905325443786842e-01
9.901380670611439894e-02,2.875739644970414233e-01
9.980276134122287313e-02,2.875739644970414233e-01
9.980276134122287313e-02,2.887573964497041623e-01
1.041420118343195228e-01,2.887573964497041623e-01
1.041420118343195228e-01,2.911242603550295849e-01
1.049309664694280109e-01,2.911242603550295849e-01
1.049309664694280109e-01,2.934911242603550074e-01
1.057199211045364851e-01,2.934911242603550074e-01
1.057199211045364851e-01,2.946745562130177465e-01
1.061143984220907360e-01,2.946745562130177465e-01
1.061143984220907360e-01,3.005917159763313862e-01
1.076923076923076983e-01,3.005917159763313862e-01
1.076923076923076983e-01,3.017751479289940697e-01
1.080867850098619354e-01,3.017751479289940697e-01
1.080867850098619354e-01,3.029585798816568087e-01
1.084812623274161725e-01,3.029585798816568087e-01
1.084812623274161725e-01,3.041420118343195478e-01
1.112426035502958599e-01,3.041420118343195478e-01
1.112426035502958599e-01,3.053254437869822313e-01
1.116370808678500970e-01,3.053254437869822313e-01
1.116370808678500970e-01,3.065088757396449703e-01
1.132149901380670592e-01,3.065088757396449703e-01
1.132149901380670592e-01,3.076923076923077094e-01
1.140039447731755473e-01,3.076923076923077094e-01
1.140039447731755473e-01,3.100591715976331320e-01
1.143984220907297844e-01,3.100591715976331320e-01
1.143984220907297844e-01,3.112426035502958710e-01
1.147928994082840215e-01,3.112426035502958710e-01
1.147928994082840215e-01,3.171597633136094552e-01
1.163708086785009838e-01,3.171597633136094552e-01
1.163708086785009838e-01,3.195266272189349332e-01
1.167652859960552209e-01,3.195266272189349332e-01
1.167652859960552209e-01,3.207100591715976168e-01
1.179487179487179460e-01,3.207100591715976168e-01
1.179487179487179460e-01,3.218934911242603558e-01
1.195266272189349083e-01,3.218934911242603558e-01
1.195266272189349083e-01,3.230769230769230949e-01
1.199211045364891454e-01,3.230769230769230949e-01
1.199211045364891454e-01,3.254437869822485174e-01
1.214990138067061076e-01,3.254437869822485174e-01
1.214990138067061076e-01,3.266272189349112565e-01
1.226824457593688328e-01,3.266272189349112565e-01
1.226824457593688328e-01,3.278106508875739400e-01
1.258382642998027712e-01,3.278106508875739400e-01
1.258382642998027712e-01,3.301775147928994181e-01
1.274161735700197196e-01,3.301775147928994181e-01
1.274161735700197196e-01,3.325443786982248406e-01
1.278106508875739566e-01,3.325443786982248406e-01
1.278106508875739566e-01,3.384615384615384803e-01
1.297830374753451699e-01,3.384615384615384803e-01
1.297830374753451699e-01,3.408284023668639029e-01
1.313609467455621183e-01,3.408284023668639029e-01
1.313609467455621183e-01,3.420118343195266419e-01
1.317554240631163831e-01,3.420118343195266419e-01
1.317554240631163831e-01,3.443786982248520645e-01
1.341222879684418057e-01,3.443786982248520645e-01
1.341222879684418057e-01,3.455621301775148035e-01
1.345167652859960428e-01,3.455621301775148035e-01
1.345167652859960428e-01,3.479289940828402261e-01
1.360946745562130189e-01,3.479289940828402261e-01
1.360946745562130189e-01,3.491124260355029651e-01
1.392504930966469434e-01,3.491124260355029651e-01
1.392504930966469434e-01,3.502958579881657042e-01
1.396449704142011805e-01,3.502958579881657042e-01
1.396449704142011805e-01,3.514792899408283877e-01
1.400394477317554176e-01,3.514792899408283877e-01
1.400394477317554176e-01,3.526627218934911268e-01
1.416173570019723937e-01,3.526627218934911268e-01
1.416173570019723937e-01,3.550295857988165493e-01
1.428007889546351050e-01,3.550295857988165493e-01
1.428007889546351050e-01,3.562130177514792884e-01
1.431952662721893421e-01,3.562130177514792884e-01
1.431952662721893421e-01,3.573964497041420274e-01
1.435897435897435792e-01,3.573964497041420274e-01
1.435897435897435792e-01,3.585798816568047109e-01
1.443786982248520812e-01,3.585798816568047109e-01
1.443786982248520812e-01,3.597633136094674500e-01
1.459566074950690295e-01,3.597633136094674500e-01
1.467455621301775037e-01,3.597633136094674500e-01
1.471400394477317686e-01,3.597633136094674500e-01
1.471400394477317686e-01,3.621301775147928725e-01
1.479289940828402428e-01,3.621301775147928725e-01
1.479289940828402428e-01,3.656804733727810897e-01
1.483234714003944799e-01,3.656804733727810897e-01
1.483234714003944799e-01,3.668639053254437732e-01
1.491124260355029540e-01,3.668639053254437732e-01
1.491124260355029540e-01,3.680473372781065122e-01
1.522682445759368786e-01,3.680473372781065122e-01
1.522682445759368786e-01,3.692307692307692513e-01
1.526627218934911157e-01,3.692307692307692513e-01
1.526627218934911157e-01,3.727810650887574129e-01
1.530571992110453527e-01,3.727810650887574129e-01
1.530571992110453527e-01,3.739644970414200964e-01
1.538461538461538547e-01,3.739644970414200964e-01
1.538461538461538547e-01,3.763313609467455745e-01
1.542406311637080918e-01,3.763313609467455745e-01
1.542406311637080918e-01,3.775147928994082580e-01
1.550295857988165660e-01,3.775147928994082580e-01
1.550295857988165660e-01,3.786982248520709970e-01
1.558185404339250402e-01,3.786982248520709970e-01
1.573964497041420163e-01,3.786982248520709970e-01
1.573964497041420163e-01,3.798816568047337361e-01
1.577909270216962534e-01,3.798816568047337361e-01
1.577909270216962534e-01,3.810650887573964751e-01
1.609467455621301779e-01,3.810650887573964751e-01
1.609467455621301779e-01,3.834319526627218977e-01
1.621301775147928892e-01,3.834319526627218977e-01
1.621301775147928892e-01,3.846153846153846367e-01
1.625246548323471263e-01,3.846153846153846367e-01
1.625246548323471263e-01,3.857988165680473203e-01
1.629191321499013911e-01,3.857988165680473203e-01
1.629191321499013911e-01,3.869822485207100593e-01
1.652859960552268137e-01,3.869822485207100593e-01
1.652859960552268137e-01,3.881656804733727983e-01
1.680473372781065011e-01,3.881656804733727983e-01
1.680473372781065011e-01,3.905325443786982209e-01
1.696252465483234773e-01,3.905325443786982209e-01
1.696252465483234773e-01,3.917159763313609599e-01
1.704142011834319514e-01,3.917159763313609599e-01
1.704142011834319514e-01,3.928994082840236435e-01
1.708086785009861885e-01,3.928994082840236435e-01
1.708086785009861885e-01,3.940828402366863825e-01
1.715976331360946627e-01,3.940828402366863825e-01
1.715976331360946627e-01,4.059171597633136064e-01
1.727810650887574018e-01,4.059171597633136064e-01
1.727810650887574018e-01,4.130177514792899296e-01
1.731755424063116389e-01,4.130177514792899296e-01
1.731755424063116389e-01,4.142011834319526686e-01
1.775147928994082747e-01,4.142011834319526686e-01
1.775147928994082747e-01,4.165680473372780912e-01
1.783037475345167766e-01,4.165680473372780912e-01
1.783037475345167766e-01,4.177514792899408302e-01
1.790927021696252508e-01,4.177514792899408302e-01
1.790927021696252508e-01,4.201183431952662528e-01
1.794871794871794879e-01,4.201183431952662528e-01
1.794871794871794879e-01,4.213017751479289918e-01
1.802761341222879621e-01,4.213017751479289918e-01
1.802761341222879621e-01,4.224852071005917309e-01
1.814595660749507011e-01,4.224852071005917309e-01
1.822485207100591753e-01,4.224852071005917309e-01
1.861932938856015740e-01,4.224852071005917309e-01
1.869822485207100482e-01,4.224852071005917309e-01
1.869822485207100482e-01,4.248520710059171535e-01
1.893491124260354985e-01,4.248520710059171535e-01
1.893491124260354985e-01,4.272189349112425760e-01
1.897435897435897356e-01,4.272189349112425760e-01
1.897435897435897356e-01,4.284023668639053151e-01
1.901380670611439727e-01,4.284023668639053151e-01
1.901380670611439727e-01,4.307692307692307931e-01
1.905325443786982376e-01,4.307692307692307931e-01
1.905325443786982376e-01,4.319526627218934767e-01
1.921104536489151859e-01,4.319526627218934767e-01
1.921104536489151859e-01,4.331360946745562157e-01
1.928994082840236601e-01,4.331360946745562157e-01
1.928994082840236601e-01,4.343195266272189548e-01
1.936883629191321621e-01,4.343195266272189548e-01
1.936883629191321621e-01,4.355029585798816383e-01
1.940828402366863992e-01,4.355029585798816383e-01
1.940828402366863992e-01,4.366863905325443773e-01
1.948717948717948734e-01,4.366863905325443773e-01
1.948717948717948734e-01,4.378698224852071164e-01
1.992110453648915092e-01,4.378698224852071164e-01
1.992110453648915092e-01,4.390532544378697999e-01
1.996055226824457463e-01,4.390532544378697999e-01
1.996055226824457463e-01,4.414201183431952780e-01
2.003944773175542482e-01,4.414201183431952780e-01
2.003944773175542482e-01,4.437869822485207005e-01
2.007889546351084853e-01,4.437869822485207005e-01
2.007889546351084853e-01,4.449704142011834396e-01
2.015779092702169595e-01,4.449704142011834396e-01
2.015779092702169595e-01,4.485207100591716012e-01
2.023668639053254337e-01,4.485207100591716012e-01
2.023668639053254337e-01,4.497041420118343402e-01
2.027613412228796708e-01,4.497041420118343402e-01
2.027613412228796708e-01,4.508875739644970237e-01
2.031558185404339356e-01,4.508875739644970237e-01
2.031558185404339356e-01,4.520710059171597628e-01
2.047337278106508840e-01,4.520710059171597628e-01
2.047337278106508840e-01,4.532544378698225018e-01
2.055226824457593582e-01,4.532544378698225018e-01
2.055226824457593582e-01,4.544378698224851854e-01
2.071005917159763343e-01,4.544378698224851854e-01
2.071005917159763343e-01,4.568047337278106634e-01
2.074950690335305714e-01,4.568047337278106634e-01
2.074950690335305714e-01,4.579881656804733470e-01
2.082840236686390456e-01,4.579881656804733470e-01
2.082840236686390456e-01,4.591715976331360860e-01
2.090729783037475475e-01,4.591715976331360860e-01
2.090729783037475475e-01,4.603550295857988250e-01
2.094674556213017846e-01,4.603550295857988250e-01
2.094674556213017846e-01,4.615384615384615641e-01
2.110453648915187330e-01,4.615384615384615641e-01
2.110453648915187330e-01,4.639053254437869866e-01
2.114398422090729701e-01,4.639053254437869866e-01
2.122287968441814721e-01,4.639053254437869866e-01
2.130177514792899462e-01,4.639053254437869866e-01
2.130177514792899462e-01,4.650887573964497257e-01
2.134122287968441833e-01,4.650887573964497257e-01
2.134122287968441833e-01,4.662721893491124092e-01
2.138067061143984204e-01,4.662721893491124092e-01
2.138067061143984204e-01,4.721893491124260489e-01
2.142011834319526575e-01,4.721893491124260489e-01
2.142011834319526575e-01,4.733727810650887324e-01
2.157790927021696337e-01,4.733727810650887324e-01
2.157790927021696337e-01,4.757396449704142105e-01
2.161735700197238708e-01,4.757396449704142105e-01
2.161735700197238708e-01,4.781065088757396331e-01
2.181459566074950562e-01,4.781065088757396331e-01
2.181459566074950562e-01,4.792899408284023721e-01
2.193293885601577953e-01,4.792899408284023721e-01
2.193293885601577953e-01,4.804733727810651112e-01
2.213017751479289807e-01,4.804733727810651112e-01
2.213017751479289807e-01,4.840236686390532728e-01
2.232741617357001940e-01,4.840236686390532728e-01
2.232741617357001940e-01,4.852071005917159563e-01
2.244575936883629053e-01,4.852071005917159563e-01
2.244575936883629053e-01,4.875739644970414344e-01
2.260355029585798814e-01,4.875739644970414344e-01
2.260355029585798814e-01,4.887573964497041179e-01
2.268244575936883556e-01,4.887573964497041179e-01
2.268244575936883556e-01,4.899408284023668569e-01
2.276134122287968575e-01,4.899408284023668569e-01
2.276134122287968575e-01,4.911242603550295960e-01
2.303747534516765172e-01,4.911242603550295960e-01
2.303747534516765172e-01,4.923076923076923350e-01
2.307692307692307820e-01,4.923076923076923350e-01
2.307692307692307820e-01,4.958579881656804966e-01
2.331360946745562046e-01,4.958579881656804966e-01
2.331360946745562046e-01,5.005917159763313418e-01
2.335305719921104417e-01,5.005917159763313418e-01
2.335305719921104417e-01,5.017751479289941363e-01
2.358974358974358920e-01,5.017751479289941363e-01
2.358974358974358920e-01,5.041420118343195034e-01
2.362919132149901291e-01,5.041420118343195034e-01
2.362919132149901291e-01,5.053254437869822979e-01
2.370808678500986311e-01,5.053254437869822979e-01
2.370808678500986311e-01,5.065088757396449815e-01
2.390532544378698165e-01,5.065088757396449815e-01
2.390532544378698165e-01,5.076923076923076650e-01
2.406311637080867927e-01,5.076923076923076650e-01
2.406311637080867927e-01,5.088757396449704595e-01
2.410256410256410298e-01,5.088757396449704595e-01
2.410256410256410298e-01,5.112426035502958266e-01
2.414201183431952669e-01,5.112426035502958266e-01
2.414201183431952669e-01,5.124260355029586211e-01
2.441814595660749543e-01,5.124260355029586211e-01
2.441814595660749543e-01,5.136094674556213047e-01
2.445759368836291914e-01,5.136094674556213047e-01
2.445759368836291914e-01,5.159763313609467827e-01
2.453648915187376656e-01,5.159763313609467827e-01
2.453648915187376656e-01,5.171597633136094663e-01
2.461538461538461675e-01,5.171597633136094663e-01
2.461538461538461675e-01,5.183431952662721498e-01
2.469428007889546417e-01,5.183431952662721498e-01
2.469428007889546417e-01,5.207100591715976279e-01
2.473372781065088788e-01,5.207100591715976279e-01
2.473372781065088788e-01,5.218934911242603114e-01
2.481262327416173530e-01,5.218934911242603114e-01
2.481262327416173530e-01,5.230769230769231060e-01
2.485207100591715901e-01,5.230769230769231060e-01
2.485207100591715901e-01,5.254437869822484730e-01
2.520710059171597517e-01,5.254437869822484730e-01
2.520710059171597517e-01,5.266272189349112676e-01
2.528599605522682259e-01,5.266272189349112676e-01
2.528599605522682259e-01,5.278106508875739511e-01
2.536489151873767001e-01,5.278106508875739511e-01
2.536489151873767001e-01,5.289940828402366346e-01
2.552268244575937040e-01,5.289940828402366346e-01
2.552268244575937040e-01,5.301775147928994292e-01
2.568047337278106523e-01,5.301775147928994292e-01
2.568047337278106523e-01,5.325443786982249073e-01
2.579881656804733914e-01,5.325443786982249073e-01
2.579881656804733914e-01,5.337278106508875908e-01
2.583826429980276007e-01,5.337278106508875908e-01
2.583826429980276007e-01,5.360946745562130689e-01
2.587771203155818656e-01,5.360946745562130689e-01
2.587771203155818656e-01,5.384615384615384359e-01
2.595660749506903398e-01,5.384615384615384359e-01
2.595660749506903398e-01,5.396449704142012305e-01
2.623274161735700272e-01,5.396449704142012305e-01
2.623274161735700272e-01,5.420118343195265975e-01
2.631163708086785014e-01,5.420118343195265975e-01
2.631163708086785014e-01,5.431952662721893921e-01
2.642998027613412404e-01,5.431952662721893921e-01
2.642998027613412404e-01,5.443786982248520756e-01
2.662721893491124536e-01,5.443786982248520756e-01
2.662721893491124536e-01,5.455621301775147591e-01
2.682445759368836113e-01,5.455621301775147591e-01
2.682445759368836113e-01,5.467455621301775537e-01
2.690335305719920855e-01,5.467455621301775537e-01
2.690335305719920855e-01,5.514792899408283988e-01
2.710059171597632988e-01,5.514792899408283988e-01
2.710059171597632988e-01,5.526627218934910823e-01
2.741617357001972510e-01,5.526627218934910823e-01
2.741617357001972510e-01,5.538461538461538769e-01
2.745562130177514604e-01,5.538461538461538769e-01
2.745562130177514604e-01,5.562130177514792440e-01
2.749506903353057252e-01,5.562130177514792440e-01
2.749506903353057252e-01,5.573964497041420385e-01
2.753451676528599346e-01,5.573964497041420385e-01
2.753451676528599346e-01,5.585798816568047220e-01
2.761341222879684643e-01,5.585798816568047220e-01
2.761341222879684643e-01,5.609467455621302001e-01
2.785009861932938868e-01,5.609467455621302001e-01
2.785009861932938868e-01,5.633136094674555672e-01
2.816568047337277836e-01,5.633136094674555672e-01
2.816568047337277836e-01,5.644970414201183617e-01
2.824457593688363133e-01,5.644970414201183617e-01
2.824457593688363133e-01,5.668639053254438398e-01
2.863905325443786842e-01,5.668639053254438398e-01
2.863905325443786842e-01,5.680473372781065233e-01
2.867850098619329491e-01,5.680473372781065233e-01
2.867850098619329491e-01,5.692307692307692069e-01
2.871794871794871584e-01,5.692307692307692069e-01
2.871794871794871584e-01,5.727810650887573685e-01
2.879684418145956881e-01,5.727810650887573685e-01
2.879684418145956881e-01,5.739644970414201630e-01
2.883629191321498975e-01,5.739644970414201630e-01
2.883629191321498975e-01,5.751479289940828465e-01
2.923076923076923239e-01,5.751479289940828465e-01
2.923076923076923239e-01,5.763313609467455301e-01
2.934911242603550074e-01,5.763313609467455301e-01
2.934911242603550074e-01,5.775147928994083246e-01
2.942800788954635371e-01,5.775147928994083246e-01
2.942800788954635371e-01,5.786982248520710082e-01
2.954635108481262207e-01,5.786982248520710082e-01
2.954635108481262207e-01,5.822485207100591698e-01
2.962524654832346949e-01,5.822485207100591698e-01
2.962524654832346949e-01,5.834319526627218533e-01
2.970414201183431691e-01,5.834319526627218533e-01
2.970414201183431691e-01,5.846153846153846478e-01
2.978303747534516988e-01,5.846153846153846478e-01
2.978303747534516988e-01,5.857988165680473314e-01
2.990138067061143823e-01,5.857988165680473314e-01
2.990138067061143823e-01,5.893491124260354930e-01
3.025641025641025439e-01,5.893491124260354930e-01
3.025641025641025439e-01,5.905325443786981765e-01
3.057199211045364962e-01,5.905325443786981765e-01
3.057199211045364962e-01,5.917159763313609711e-01
3.072978303747534445e-01,5.917159763313609711e-01
3.072978303747534445e-01,5.928994082840236546e-01
3.080867850098619187e-01,5.928994082840236546e-01
3.080867850098619187e-01,5.940828402366863381e-01
3.108481262327416061e-01,5.940828402366863381e-01
3.108481262327416061e-01,5.952662721893491327e-01
3.128205128205128194e-01,5.952662721893491327e-01
3.143984220907297678e-01,5.952662721893491327e-01
3.143984220907297678e-01,5.964497041420118162e-01
3.163708086785009810e-01,5.964497041420118162e-01
3.163708086785009810e-01,5.976331360946746107e-01
3.175542406311637200e-01,5.976331360946746107e-01
3.175542406311637200e-01,5.988165680473372943e-01
3.187376725838264035e-01,5.988165680473372943e-01
3.187376725838264035e-01,6.011834319526627723e-01
3.214990138067060910e-01,6.011834319526627723e-01
3.214990138067060910e-01,6.023668639053254559e-01
3.226824457593688300e-01,6.023668639053254559e-01
3.226824457593688300e-01,6.035502958579881394e-01
3.238658777120315690e-01,6.035502958579881394e-01
3.238658777120315690e-01,6.047337278106509340e-01
3.246548323471400432e-01,6.047337278106509340e-01
3.246548323471400432e-01,6.059171597633136175e-01
3.254437869822485174e-01,6.059171597633136175e-01
3.254437869822485174e-01,6.071005917159763010e-01
3.266272189349112565e-01,6.071005917159763010e-01
3.266272189349112565e-01,6.094674556213017791e-01
3.274161735700197307e-01,6.094674556213017791e-01
3.274161735700197307e-01,6.106508875739644626e-01
3.278106508875739400e-01,6.106508875739644626e-01
3.278106508875739400e-01,6.130177514792899407e-01
3.289940828402366790e-01,6.130177514792899407e-01
3.289940828402366790e-01,6.142011834319526242e-01
3.301775147928994181e-01,6.142011834319526242e-01
3.301775147928994181e-01,6.153846153846154188e-01
3.329388560157791055e-01,6.153846153846154188e-01
3.329388560157791055e-01,6.177514792899407858e-01
3.337278106508875797e-01,6.177514792899407858e-01
3.337278106508875797e-01,6.201183431952662639e-01
3.349112426035503187e-01,6.201183431952662639e-01
3.349112426035503187e-01,6.213017751479289474e-01
3.384615384615384803e-01,6.213017751479289474e-01
3.384615384615384803e-01,6.224852071005917420e-01
3.455621301775148035e-01,6.224852071005917420e-01
3.463510848126232777e-01,6.224852071005917420e-01
3.475345167652860168e-01,6.224852071005917420e-01
3.475345167652860168e-01,6.236686390532544255e-01
3.479289940828402261e-01,6.236686390532544255e-01
3.479289940828402261e-01,6.248520710059171090e-01
3.502958579881657042e-01,6.248520710059171090e-01
3.502958579881657042e-01,6.260355029585799036e-01
3.518737672583826526e-01,6.260355029585799036e-01
3.518737672583826526e-01,6.272189349112425871e-01
3.522682445759368619e-01,6.272189349112425871e-01
3.522682445759368619e-01,6.295857988165680652e-01
3.530571992110453916e-01,6.295857988165680652e-01
3.530571992110453916e-01,6.307692307692307487e-01
3.546351084812623400e-01,6.307692307692307487e-01
3.546351084812623400e-01,6.319526627218935433e-01
3.550295857988165493e-01,6.319526627218935433e-01
3.550295857988165493e-01,6.331360946745562268e-01
3.566074950690335532e-01,6.331360946745562268e-01
3.566074950690335532e-01,6.343195266272189103e-01
3.570019723865877626e-01,6.343195266272189103e-01
3.570019723865877626e-01,6.355029585798817049e-01
3.573964497041420274e-01,6.355029585798817049e-01
3.573964497041420274e-01,6.366863905325443884e-01
3.601577909270217148e-01,6.366863905325443884e-01
3.601577909270217148e-01,6.378698224852070719e-01
3.613412228796843984e-01,6.378698224852070719e-01
3.613412228796843984e-01,6.390532544378698665e-01
3.617357001972386632e-01,6.390532544378698665e-01
3.617357001972386632e-01,6.402366863905325500e-01
3.644970414201183506e-01,6.402366863905325500e-01
3.644970414201183506e-01,6.437869822485207116e-01
3.648915187376725600e-01,6.437869822485207116e-01
3.648915187376725600e-01,6.449704142011833952e-01
3.700197238658777255e-01,6.449704142011833952e-01
3.700197238658777255e-01,6.461538461538461897e-01
3.712031558185404090e-01,6.461538461538461897e-01
3.719921104536489387e-01,6.461538461538461897e-01
3.719921104536489387e-01,6.473372781065088732e-01
3.743589743589743613e-01,6.473372781065088732e-01
3.743589743589743613e-01,6.485207100591715568e-01
3.759368836291913096e-01,6.485207100591715568e-01
3.759368836291913096e-01,6.497041420118343513e-01
3.763313609467455745e-01,6.497041420118343513e-01
3.763313609467455745e-01,6.508875739644970349e-01
3.779092702169625229e-01,6.508875739644970349e-01
3.779092702169625229e-01,6.520710059171597184e-01
3.786982248520709970e-01,6.520710059171597184e-01
3.786982248520709970e-01,6.532544378698225129e-01
3.794871794871794712e-01,6.532544378698225129e-01
3.794871794871794712e-01,6.544378698224851965e-01
3.806706114398422103e-01,6.544378698224851965e-01
3.806706114398422103e-01,6.556213017751478800e-01
3.861932938856015851e-01,6.556213017751478800e-01
3.861932938856015851e-01,6.568047337278106745e-01
3.865877712031557945e-01,6.568047337278106745e-01
3.865877712031557945e-01,6.579881656804733581e-01
3.873767258382643242e-01,6.579881656804733581e-01
3.873767258382643242e-01,6.591715976331360416e-01
3.885601577909270077e-01,6.591715976331360416e-01
3.885601577909270077e-01,6.603550295857988361e-01
3.889546351084812725e-01,6.603550295857988361e-01
3.889546351084812725e-01,6.615384615384615197e-01
3.917159763313609599e-01,6.615384615384615197e-01
3.917159763313609599e-01,6.627218934911243142e-01
3.921104536489151693e-01,6.627218934911243142e-01
3.921104536489151693e-01,6.639053254437869978e-01
3.932938856015779083e-01,6.639053254437869978e-01
3.932938856015779083e-01,6.662721893491124758e-01
3.936883629191321732e-01,6.662721893491124758e-01
3.936883629191321732e-01,6.674556213017751594e-01
3.940828402366863825e-01,6.674556213017751594e-01
3.940828402366863825e-01,6.686390532544378429e-01
3.952662721893491216e-01,6.686390532544378429e-01
3.952662721893491216e-01,6.710059171597633210e-01
3.956607495069033309e-01,6.710059171597633210e-01
3.956607495069033309e-01,6.721893491124260045e-01
4.007889546351084964e-01,6.721893491124260045e-01
4.007889546351084964e-01,6.733727810650887990e-01
4.019723865877711799e-01,6.733727810650887990e-01
4.019723865877711799e-01,6.745562130177514826e-01
4.063116370808678712e-01,6.745562130177514826e-01
4.063116370808678712e-01,6.757396449704141661e-01
4.067061143984220806e-01,6.757396449704141661e-01
4.067061143984220806e-01,6.769230769230769607e-01
4.074950690335305548e-01,6.769230769230769607e-01
4.074950690335305548e-01,6.781065088757396442e-01
4.090729783037475586e-01,6.781065088757396442e-01
4.090729783037475586e-01,6.804733727810651223e-01
4.142011834319526686e-01,6.804733727810651223e-01
4.142011834319526686e-01,6.816568047337278058e-01
4.161735700197238819e-01,6.816568047337278058e-01
4.161735700197238819e-01,6.828402366863904893e-01
4.181459566074950951e-01,6.828402366863904893e-01
4.181459566074950951e-01,6.840236686390532839e-01
4.185404339250493044e-01,6.840236686390532839e-01
4.185404339250493044e-01,6.852071005917159674e-01
4.201183431952662528e-01,6.852071005917159674e-01
4.201183431952662528e-01,6.875739644970414455e-01
4.205128205128205177e-01,6.875739644970414455e-01
4.205128205128205177e-01,6.887573964497041290e-01
4.209072978303747270e-01,6.887573964497041290e-01
4.209072978303747270e-01,6.958579881656804522e-01
4.240631163708086793e-01,6.958579881656804522e-01
4.240631163708086793e-01,6.970414201183432468e-01
4.244575936883629441e-01,6.970414201183432468e-01
4.244575936883629441e-01,6.982248520710059303e-01
4.252465483234714183e-01,6.982248520710059303e-01
4.252465483234714183e-01,7.005917159763314084e-01
4.256410256410256276e-01,7.005917159763314084e-01
4.256410256410256276e-01,7.017751479289940919e-01
4.280078895463511057e-01,7.017751479289940919e-01
4.280078895463511057e-01,7.029585798816567754e-01
4.311637080867850025e-01,7.029585798816567754e-01
4.311637080867850025e-01,7.041420118343195700e-01
4.319526627218934767e-01,7.041420118343195700e-01
4.319526627218934767e-01,7.053254437869822535e-01
4.331360946745562157e-01,7.053254437869822535e-01
4.331360946745562157e-01,7.065088757396449370e-01
4.358974358974359031e-01,7.065088757396449370e-01
4.358974358974359031e-01,7.076923076923077316e-01
4.366863905325443773e-01,7.076923076923077316e-01
4.366863905325443773e-01,7.088757396449704151e-01
4.370808678500986422e-01,7.088757396449704151e-01
4.370808678500986422e-01,7.100591715976330986e-01
4.382642998027613257e-01,7.100591715976330986e-01
4.382642998027613257e-01,7.112426035502958932e-01
4.398422090729783296e-01,7.112426035502958932e-01
4.398422090729783296e-01,7.136094674556212603e-01
4.437869822485207005e-01,7.136094674556212603e-01
4.437869822485207005e-01,7.147928994082840548e-01
4.461538461538461786e-01,7.147928994082840548e-01
4.461538461538461786e-01,7.159763313609467383e-01
4.477317554240631270e-01,7.159763313609467383e-01
4.477317554240631270e-01,7.171597633136094219e-01
4.497041420118343402e-01,7.171597633136094219e-01
4.497041420118343402e-01,7.183431952662722164e-01
4.500986193293885496e-01,7.183431952662722164e-01
4.500986193293885496e-01,7.230769230769230616e-01
4.508875739644970237e-01,7.230769230769230616e-01
4.508875739644970237e-01,7.242603550295857451e-01
4.564102564102563986e-01,7.242603550295857451e-01
4.564102564102563986e-01,7.254437869822485396e-01
4.568047337278106634e-01,7.254437869822485396e-01
4.568047337278106634e-01,7.266272189349112232e-01
4.571992110453648728e-01,7.266272189349112232e-01
4.571992110453648728e-01,7.278106508875740177e-01
4.575936883629191376e-01,7.278106508875740177e-01
4.575936883629191376e-01,7.289940828402367012e-01
4.583826429980276118e-01,7.289940828402367012e-01
4.583826429980276118e-01,7.325443786982248628e-01
4.587771203155818767e-01,7.325443786982248628e-01
4.587771203155818767e-01,7.337278106508875464e-01
4.607495069033530344e-01,7.337278106508875464e-01
4.607495069033530344e-01,7.349112426035503409e-01
4.639053254437869866e-01,7.349112426035503409e-01
4.639053254437869866e-01,7.360946745562130245e-01
4.646942800788954608e-01,7.360946745562130245e-01
4.646942800788954608e-01,7.372781065088757080e-01
4.670611439842208834e-01,7.372781065088757080e-01
4.670611439842208834e-01,7.384615384615385025e-01
4.674556213017751483e-01,7.384615384615385025e-01
4.674556213017751483e-01,7.396449704142011861e-01
4.682445759368836224e-01,7.396449704142011861e-01
4.682445759368836224e-01,7.408284023668638696e-01
4.686390532544378873e-01,7.408284023668638696e-01
4.686390532544378873e-01,7.443786982248520312e-01
4.690335305719920966e-01,7.443786982248520312e-01
4.698224852071005708e-01,7.443786982248520312e-01
4.706114398422091005e-01,7.443786982248520312e-01
4.706114398422091005e-01,7.467455621301775093e-01
4.714003944773175747e-01,7.467455621301775093e-01
4.714003944773175747e-01,7.479289940828401928e-01
4.733727810650887324e-01,7.479289940828401928e-01
4.733727810650887324e-01,7.491124260355029874e-01
4.757396449704142105e-01,7.491124260355029874e-01
4.757396449704142105e-01,7.514792899408283544e-01
4.769230769230769496e-01,7.514792899408283544e-01
4.769230769230769496e-01,7.526627218934911490e-01
4.781065088757396331e-01,7.526627218934911490e-01
4.781065088757396331e-01,7.538461538461538325e-01
4.785009861932938979e-01,7.538461538461538325e-01
4.785009861932938979e-01,7.550295857988165160e-01
4.816568047337277947e-01,7.550295857988165160e-01
4.816568047337277947e-01,7.562130177514793106e-01
4.840236686390532728e-01,7.562130177514793106e-01
4.840236686390532728e-01,7.597633136094674722e-01
4.844181459566074821e-01,7.597633136094674722e-01
4.844181459566074821e-01,7.609467455621301557e-01
4.867850098619329602e-01,7.609467455621301557e-01
4.875739644970414344e-01,7.609467455621301557e-01
4.887573964497041179e-01,7.609467455621301557e-01
4.887573964497041179e-01,7.621301775147929503e-01
4.891518737672583828e-01,7.621301775147929503e-01
4.891518737672583828e-01,7.633136094674556338e-01
4.899408284023668569e-01,7.633136094674556338e-01
4.899408284023668569e-01,7.644970414201183173e-01
4.903353057199211218e-01,7.644970414201183173e-01
4.903353057199211218e-01,7.656804733727811119e-01
4.974358974358974450e-01,7.656804733727811119e-01
4.982248520710059192e-01,7.656804733727811119e-01
5.005917159763313418e-01,7.656804733727811119e-01
5.005917159763313418e-01,7.668639053254437954e-01
5.013806706114398715e-01,7.668639053254437954e-01
5.013806706114398715e-01,7.680473372781064789e-01
5.037475345167652385e-01,7.680473372781064789e-01
5.037475345167652385e-01,7.704142011834319570e-01
5.041420118343195034e-01,7.704142011834319570e-01
5.041420118343195034e-01,7.715976331360946405e-01
5.045364891518737682e-01,7.715976331360946405e-01
5.045364891518737682e-01,7.727810650887574351e-01
5.072978303747534001e-01,7.727810650887574351e-01
5.072978303747534001e-01,7.751479289940828021e-01
5.096646942800788782e-01,7.751479289940828021e-01
5.096646942800788782e-01,7.763313609467455967e-01
5.100591715976331431e-01,7.763313609467455967e-01
5.100591715976331431e-01,7.775147928994082802e-01
5.179487179487179960e-01,7.775147928994082802e-01
5.179487179487179960e-01,7.786982248520709637e-01
5.183431952662721498e-01,7.786982248520709637e-01
5.183431952662721498e-01,7.798816568047337583e-01
5.191321499013806795e-01,7.798816568047337583e-01
5.191321499013806795e-01,7.822485207100591253e-01
5.222879684418145763e-01,7.822485207100591253e-01
5.222879684418145763e-01,7.846153846153846034e-01
5.226824457593688411e-01,7.846153846153846034e-01
5.226824457593688411e-01,7.857988165680472870e-01
5.234714003944773708e-01,7.857988165680472870e-01
5.234714003944773708e-01,7.869822485207100815e-01
5.254437869822484730e-01,7.869822485207100815e-01
5.262327416173570027e-01,7.869822485207100815e-01
5.274161735700196862e-01,7.869822485207100815e-01
5.274161735700196862e-01,7.881656804733727650e-01
5.305719921104536940e-01,7.881656804733727650e-01
5.305719921104536940e-01,7.893491124260354486e-01
5.313609467455621127e-01,7.893491124260354486e-01
5.321499013806706424e-01,7.893491124260354486e-01
5.325443786982249073e-01,7.893491124260354486e-01
5.325443786982249073e-01,7.905325443786982431e-01
5.337278106508875908e-01,7.905325443786982431e-01
5.337278106508875908e-01,7.917159763313609266e-01
5.357001972386588040e-01,7.917159763313609266e-01
5.357001972386588040e-01,7.928994082840237212e-01
5.360946745562130689e-01,7.928994082840237212e-01
5.360946745562130689e-01,7.940828402366864047e-01
5.368836291913214875e-01,7.940828402366864047e-01
5.380670611439841711e-01,7.940828402366864047e-01
5.380670611439841711e-01,7.952662721893490883e-01
5.392504930966469656e-01,7.952662721893490883e-01
5.392504930966469656e-01,7.964497041420118828e-01
5.420118343195265975e-01,7.964497041420118828e-01
5.420118343195265975e-01,7.976331360946745663e-01
5.499013806706114504e-01,7.976331360946745663e-01
5.499013806706114504e-01,7.988165680473372499e-01
5.506903353057198691e-01,7.988165680473372499e-01
5.506903353057198691e-01,8.000000000000000444e-01
5.518737672583826637e-01,8.000000000000000444e-01
5.518737672583826637e-01,8.011834319526627279e-01
5.534516765285996120e-01,8.011834319526627279e-01
5.534516765285996120e-01,8.035502958579882060e-01
5.558185404339250901e-01,8.035502958579882060e-01
5.558185404339250901e-01,8.047337278106508895e-01
5.648915187376726266e-01,8.047337278106508895e-01
5.656804733727810452e-01,8.047337278106508895e-01
5.656804733727810452e-01,8.059171597633135731e-01
5.668639053254438398e-01,8.059171597633135731e-01
5.668639053254438398e-01,8.071005917159763676e-01
5.723865877712031036e-01,8.071005917159763676e-01
5.723865877712031036e-01,8.082840236686390512e-01
5.727810650887573685e-01,8.082840236686390512e-01
5.727810650887573685e-01,8.094674556213017347e-01
5.755424063116371114e-01,8.094674556213017347e-01
5.755424063116371114e-01,8.118343195266272128e-01
5.786982248520710082e-01,8.118343195266272128e-01
5.786982248520710082e-01,8.142011834319526908e-01
5.794871794871795379e-01,8.142011834319526908e-01
5.794871794871795379e-01,8.153846153846153744e-01
5.814595660749506401e-01,8.153846153846153744e-01
5.814595660749506401e-01,8.165680473372780579e-01
5.846153846153846478e-01,8.165680473372780579e-01
5.846153846153846478e-01,8.177514792899408524e-01
5.897435897435897578e-01,8.177514792899408524e-01
5.897435897435897578e-01,8.189349112426035360e-01
5.901380670611440227e-01,8.189349112426035360e-01
5.901380670611440227e-01,8.201183431952662195e-01
5.917159763313609711e-01,8.201183431952662195e-01
5.917159763313609711e-01,8.236686390532544921e-01
5.980276134122287646e-01,8.236686390532544921e-01
5.980276134122287646e-01,8.248520710059171757e-01
5.984220907297830294e-01,8.248520710059171757e-01
5.984220907297830294e-01,8.260355029585798592e-01
5.999999999999999778e-01,8.260355029585798592e-01
5.999999999999999778e-01,8.272189349112426537e-01
6.011834319526627723e-01,8.272189349112426537e-01
6.011834319526627723e-01,8.284023668639053373e-01
6.090729783037475142e-01,8.284023668639053373e-01
6.090729783037475142e-01,8.307692307692308153e-01
6.126232741617356758e-01,8.307692307692308153e-01
6.126232741617356758e-01,8.331360946745561824e-01
6.201183431952662639e-01,8.331360946745561824e-01
6.201183431952662639e-01,8.343195266272189770e-01
6.244575936883629552e-01,8.343195266272189770e-01
6.244575936883629552e-01,8.355029585798816605e-01
6.264299802761341684e-01,8.355029585798816605e-01
6.264299802761341684e-01,8.366863905325443440e-01
6.323471400394476971e-01,8.366863905325443440e-01
6.323471400394476971e-01,8.378698224852071386e-01
6.327416173570019620e-01,8.378698224852071386e-01
6.327416173570019620e-01,8.390532544378698221e-01
6.406311637080868149e-01,8.390532544378698221e-01
6.406311637080868149e-01,8.414201183431953002e-01
6.414201183431952336e-01,8.414201183431953002e-01
6.414201183431952336e-01,8.426035502958579837e-01
6.418145956607494984e-01,8.426035502958579837e-01
6.418145956607494984e-01,8.437869822485206672e-01
6.445759368836292413e-01,8.437869822485206672e-01
6.445759368836292413e-01,8.449704142011834618e-01
6.469428007889546084e-01,8.449704142011834618e-01
6.469428007889546084e-01,8.473372781065088288e-01
6.508875739644970349e-01,8.473372781065088288e-01
6.508875739644970349e-01,8.485207100591716234e-01
6.556213017751478800e-01,8.485207100591716234e-01
6.556213017751478800e-01,8.508875739644969904e-01
6.568047337278106745e-01,8.508875739644969904e-01
6.568047337278106745e-01,8.520710059171597850e-01
6.575936883629190932e-01,8.520710059171597850e-01
6.575936883629190932e-01,8.544378698224851520e-01
6.615384615384615197e-01,8.544378698224851520e-01
6.615384615384615197e-01,8.556213017751479466e-01
6.619329388560157845e-01,8.556213017751479466e-01
6.627218934911243142e-01,8.556213017751479466e-01
6.631163708086784681e-01,8.556213017751479466e-01
6.631163708086784681e-01,8.568047337278106301e-01
6.662721893491124758e-01,8.568047337278106301e-01
6.662721893491124758e-01,8.579881656804734247e-01
6.729783037475345342e-01,8.579881656804734247e-01
6.729783037475345342e-01,8.603550295857987917e-01
6.761341222879684310e-01,8.603550295857987917e-01
6.761341222879684310e-01,8.615384615384615863e-01
6.765285996055226958e-01,8.615384615384615863e-01
6.765285996055226958e-01,8.627218934911242698e-01
6.808678500986192761e-01,8.627218934911242698e-01
6.808678500986192761e-01,8.639053254437869533e-01
6.824457593688363355e-01,8.639053254437869533e-01
6.824457593688363355e-01,8.650887573964497479e-01
6.852071005917159674e-01,8.650887573964497479e-01
6.852071005917159674e-01,8.686390532544379095e-01
6.875739644970414455e-01,8.686390532544379095e-01
6.875739644970414455e-01,8.698224852071005930e-01
6.887573964497041290e-01,8.698224852071005930e-01
6.887573964497041290e-01,8.710059171597632766e-01
6.919132149901380258e-01,8.710059171597632766e-01
6.919132149901380258e-01,8.721893491124260711e-01
6.934911242603549741e-01,8.721893491124260711e-01
6.934911242603549741e-01,8.733727810650887546e-01
6.938856015779092390e-01,8.733727810650887546e-01
6.938856015779092390e-01,8.745562130177514382e-01
6.994082840236686138e-01,8.745562130177514382e-01
6.994082840236686138e-01,8.757396449704142327e-01
6.998027613412228787e-01,8.757396449704142327e-01
6.998027613412228787e-01,8.781065088757395998e-01
7.013806706114398271e-01,8.781065088757395998e-01
7.013806706114398271e-01,8.792899408284023943e-01
7.021696252465483568e-01,8.792899408284023943e-01
7.021696252465483568e-01,8.804733727810650779e-01
7.037475345167653051e-01,8.804733727810650779e-01
7.037475345167653051e-01,8.816568047337277614e-01
7.072978303747534667e-01,8.816568047337277614e-01
7.072978303747534667e-01,8.828402366863905559e-01
7.104536489151873635e-01,8.828402366863905559e-01
7.104536489151873635e-01,8.840236686390532395e-01
7.108481262327416283e-01,8.840236686390532395e-01
7.108481262327416283e-01,8.852071005917159230e-01
7.143984220907297900e-01,8.852071005917159230e-01
7.143984220907297900e-01,8.863905325443787175e-01
7.147928994082840548e-01,8.863905325443787175e-01
7.147928994082840548e-01,8.875739644970414011e-01
7.159763313609467383e-01,8.875739644970414011e-01
7.167652859960552680e-01,8.875739644970414011e-01
7.171597633136094219e-01,8.875739644970414011e-01
7.171597633136094219e-01,8.899408284023668791e-01
7.179487179487179516e-01,8.899408284023668791e-01
7.195266272189348999e-01,8.899408284023668791e-01
7.195266272189348999e-01,8.923076923076923572e-01
7.218934911242603780e-01,8.923076923076923572e-01
7.218934911242603780e-01,8.934911242603550408e-01
7.234714003944773264e-01,8.934911242603550408e-01
7.234714003944773264e-01,8.946745562130177243e-01
7.246548323471400099e-01,8.946745562130177243e-01
7.246548323471400099e-01,8.958579881656805188e-01
7.254437869822485396e-01,8.958579881656805188e-01
7.262327416173569583e-01,8.958579881656805188e-01
7.282051282051281715e-01,8.958579881656805188e-01
7.282051282051281715e-01,8.982248520710058859e-01
7.309664694280079145e-01,8.982248520710058859e-01
7.309664694280079145e-01,8.994082840236686804e-01
7.313609467455621793e-01,8.994082840236686804e-01
7.313609467455621793e-01,9.005917159763313640e-01
7.317554240631163331e-01,9.005917159763313640e-01
7.317554240631163331e-01,9.017751479289940475e-01
7.321499013806705980e-01,9.017751479289940475e-01
7.321499013806705980e-01,9.029585798816568420e-01
7.333333333333332815e-01,9.029585798816568420e-01
7.333333333333332815e-01,9.041420118343195256e-01
7.360946745562130245e-01,9.041420118343195256e-01
7.360946745562130245e-01,9.065088757396450037e-01
7.372781065088757080e-01,9.065088757396450037e-01
7.372781065088757080e-01,9.076923076923076872e-01
7.380670611439842377e-01,9.076923076923076872e-01
7.380670611439842377e-01,9.100591715976331653e-01
7.404339250493097158e-01,9.100591715976331653e-01
7.404339250493097158e-01,9.112426035502958488e-01
7.416173570019723993e-01,9.112426035502958488e-01
7.416173570019723993e-01,9.124260355029585323e-01
7.424063116370808180e-01,9.124260355029585323e-01
7.424063116370808180e-01,9.136094674556213269e-01
7.459566074950689796e-01,9.136094674556213269e-01
7.459566074950689796e-01,9.147928994082840104e-01
7.471400394477317741e-01,9.147928994082840104e-01
7.471400394477317741e-01,9.171597633136094885e-01
7.502958579881656709e-01,9.171597633136094885e-01
7.502958579881656709e-01,9.183431952662721720e-01
7.510848126232742006e-01,9.183431952662721720e-01
7.510848126232742006e-01,9.195266272189349666e-01
7.514792899408283544e-01,9.195266272189349666e-01
7.514792899408283544e-01,9.207100591715976501e-01
7.566074950690335754e-01,9.207100591715976501e-01
7.566074950690335754e-01,9.218934911242603336e-01
7.573964497041419941e-01,9.218934911242603336e-01
7.573964497041419941e-01,9.230769230769231282e-01
7.577909270216962589e-01,9.230769230769231282e-01
7.585798816568047886e-01,9.230769230769231282e-01
7.605522682445758909e-01,9.230769230769231282e-01
7.605522682445758909e-01,9.254437869822484952e-01
7.609467455621301557e-01,9.254437869822484952e-01
7.609467455621301557e-01,9.278106508875739733e-01
7.633136094674556338e-01,9.278106508875739733e-01
7.633136094674556338e-01,9.289940828402366568e-01
7.637080867850098986e-01,9.289940828402366568e-01
7.637080867850098986e-01,9.301775147928994514e-01
7.648915187376725822e-01,9.301775147928994514e-01
7.648915187376725822e-01,9.313609467455621349e-01
7.672583826429980602e-01,9.313609467455621349e-01
7.672583826429980602e-01,9.325443786982248184e-01
7.692307692307692735e-01,9.325443786982248184e-01
7.692307692307692735e-01,9.337278106508876130e-01
7.696252465483234273e-01,9.337278106508876130e-01
7.704142011834319570e-01,9.337278106508876130e-01
7.830374753451676550e-01,9.337278106508876130e-01
7.830374753451676550e-01,9.349112426035502965e-01
7.838264299802761848e-01,9.349112426035502965e-01
7.838264299802761848e-01,9.360946745562129800e-01
7.897435897435897134e-01,9.360946745562129800e-01
7.897435897435897134e-01,9.372781065088757746e-01
7.925049309664694563e-01,9.372781065088757746e-01
7.925049309664694563e-01,9.384615384615384581e-01
7.944773175542406696e-01,9.384615384615384581e-01
7.944773175542406696e-01,9.396449704142011417e-01
7.948717948717948234e-01,9.396449704142011417e-01
7.948717948717948234e-01,9.408284023668639362e-01
7.956607495069033531e-01,9.408284023668639362e-01
7.956607495069033531e-01,9.431952662721893033e-01
7.968441814595660366e-01,9.431952662721893033e-01
7.968441814595660366e-01,9.443786982248520978e-01
8.011834319526627279e-01,9.443786982248520978e-01
8.011834319526627279e-01,9.455621301775147813e-01
8.059171597633135731e-01,9.455621301775147813e-01
8.059171597633135731e-01,9.467455621301774649e-01
8.090729783037475809e-01,9.467455621301774649e-01
8.090729783037475809e-01,9.479289940828402594e-01
8.114398422090729479e-01,9.479289940828402594e-01
8.114398422090729479e-01,9.491124260355029429e-01
8.134122287968441611e-01,9.491124260355029429e-01
8.134122287968441611e-01,9.502958579881656265e-01
8.209072978303747492e-01,9.502958579881656265e-01
8.216962524654832789e-01,9.502958579881656265e-01
8.216962524654832789e-01,9.526627218934911046e-01
8.260355029585798592e-01,9.526627218934911046e-01
8.260355029585798592e-01,9.538461538461538991e-01
8.319526627218934989e-01,9.538461538461538991e-01
8.319526627218934989e-01,9.562130177514792662e-01
8.323471400394477637e-01,9.562130177514792662e-01
8.323471400394477637e-01,9.573964497041420607e-01
8.347140039447731308e-01,9.573964497041420607e-01
8.355029585798816605e-01,9.573964497041420607e-01
8.426035502958579837e-01,9.573964497041420607e-01
8.426035502958579837e-01,9.585798816568047442e-01
8.461538461538461453e-01,9.585798816568047442e-01
8.461538461538461453e-01,9.597633136094674278e-01
8.481262327416173585e-01,9.597633136094674278e-01
8.481262327416173585e-01,9.609467455621302223e-01
8.548323471400394169e-01,9.609467455621302223e-01
8.548323471400394169e-01,9.644970414201183839e-01
8.599605522682445269e-01,9.644970414201183839e-01
8.599605522682445269e-01,9.656804733727810675e-01
8.615384615384615863e-01,9.656804733727810675e-01
8.615384615384615863e-01,9.668639053254437510e-01
8.646942800788954830e-01,9.668639053254437510e-01
8.646942800788954830e-01,9.680473372781065455e-01
8.694280078895463282e-01,9.680473372781065455e-01
8.694280078895463282e-01,9.692307692307692291e-01
8.706114398422091227e-01,9.692307692307692291e-01
8.706114398422091227e-01,9.704142011834319126e-01
8.733727810650887546e-01,9.704142011834319126e-01
8.733727810650887546e-01,9.715976331360947071e-01
8.773175542406311811e-01,9.715976331360947071e-01
8.773175542406311811e-01,9.727810650887573907e-01
8.785009861932938646e-01,9.727810650887573907e-01
8.785009861932938646e-01,9.739644970414200742e-01
8.808678500986193427e-01,9.739644970414200742e-01
8.808678500986193427e-01,9.751479289940828687e-01
8.820512820512820262e-01,9.751479289940828687e-01
8.820512820512820262e-01,9.775147928994082358e-01
8.824457593688362911e-01,9.775147928994082358e-01
8.824457593688362911e-01,9.786982248520710304e-01
8.840236686390532395e-01,9.786982248520710304e-01
8.840236686390532395e-01,9.798816568047337139e-01
8.844181459566075043e-01,9.798816568047337139e-01
8.844181459566075043e-01,9.810650887573963974e-01
8.852071005917159230e-01,9.810650887573963974e-01
8.852071005917159230e-01,9.822485207100591920e-01
8.883629191321499308e-01,9.822485207100591920e-01
8.883629191321499308e-01,9.846153846153846700e-01
8.899408284023668791e-01,9.846153846153846700e-01
8.899408284023668791e-01,9.857988165680473536e-01
8.950690335305719891e-01,9.857988165680473536e-01
8.950690335305719891e-01,9.869822485207100371e-01
8.970414201183432024e-01,9.869822485207100371e-01
8.970414201183432024e-01,9.881656804733728316e-01
8.974358974358974672e-01,9.881656804733728316e-01
8.974358974358974672e-01,9.893491124260355152e-01
8.986193293885601507e-01,9.893491124260355152e-01
8.986193293885601507e-01,9.905325443786981987e-01
9.072978303747534223e-01,9.905325443786981987e-01
9.072978303747534223e-01,9.917159763313609933e-01
9.108481262327415839e-01,9.917159763313609933e-01
9.108481262327415839e-01,9.940828402366863603e-01
9.242603550295858117e-01,9.940828402366863603e-01
9.242603550295858117e-01,9.952662721893491549e-01
9.301775147928994514e-01,9.952662721893491549e-01
9.301775147928994514e-01,9.964497041420118384e-01
9.309664694280078701e-01,9.964497041420118384e-01
9.309664694280078701e-01,9.976331360946745219e-01
9.333333333333333481e-01,9.976331360946745219e-01
9.333333333333333481e-01,9.988165680473373165e-01
9.368836291913215097e-01,9.988165680473373165e-01
9.368836291913215097e-01,1.000000000000000000e+00
1.000000000000000000e+00,1.000000000000000000e+00
