FPR,TPR
0.000000000000000000e+00,0.000000000000000000e+00
8.183306055646481563e-04,0.000000000000000000e+00
8.183306055646481563e-04,3.623188405797101493e-03
5.728314238952536552e-03,3.623188405797101493e-03
5.728314238952536552e-03,7.246376811594202987e-03
1.063829787234042527e-02,7.246376811594202987e-03
1.063829787234042527e-02,1.449275362318840597e-02
1.554828150572831399e-02,1.449275362318840597e-02
1.554828150572831399e-02,1.811594202898550790e-02
2.045826513911620445e-02,1.811594202898550790e-02
2.045826513911620445e-02,2.173913043478260809e-02
2.291325695581014621e-02,2.173913043478260809e-02
2.291325695581014621e-02,2.536231884057971175e-02
2.373158756137479578e-02,2.536231884057971175e-02
2.373158756137479578e-02,2.898550724637681195e-02
2.454991816693944187e-02,2.898550724637681195e-02
2.454991816693944187e-02,3.985507246376811252e-02
2.945990180032733233e-02,3.985507246376811252e-02
2.945990180032733233e-02,4.710144927536231985e-02
3.191489361702127409e-02,4.710144927536231985e-02
3.191489361702127409e-02,5.072463768115942351e-02
3.273322422258592712e-02,5.072463768115942351e-02
3.273322422258592712e-02,5.434782608695652023e-02
3.518821603927987235e-02,5.434782608695652023e-02
3.518821603927987235e-02,5.797101449275362389e-02
3.764320785597381064e-02,5.797101449275362389e-02
3.764320785597381064e-02,6.159420289855072755e-02
4.009819967266775587e-02,6.159420289855072755e-02
4.009819967266775587e-02,6.884057971014492794e-02
4.337152209492634719e-02,6.884057971014492794e-02
4.337152209492634719e-02,7.246376811594203160e-02
4.418985270049100023e-02,7.246376811594203160e-02
4.418985270049100023e-02,7.608695652173913526e-02
4.828150572831423765e-02,7.608695652173913526e-02
4.828150572831423765e-02,8.333333333333332871e-02
5.646481178396071943e-02,8.333333333333332871e-02
5.646481178396071943e-02,8.695652173913043237e-02
5.728314238952536552e-02,8.695652173913043237e-02
5.728314238952536552e-02,9.782608695652174335e-02
5.810147299509001856e-02,9.782608695652174335e-02
5.810147299509001856e-02,1.014492753623188470e-01
6.219312602291325598e-02,1.014492753623188470e-01
6.219312602291325598e-02,1.050724637681159368e-01
6.301145662847790208e-02,1.050724637681159368e-01
6.301145662847790208e-02,1.086956521739130405e-01
6.628477905073650034e-02,1.086956521739130405e-01
6.628477905073650034e-02,1.123188405797101441e-01
6.873977086743043863e-02,1.123188405797101441e-01
6.873977086743043863e-02,1.159420289855072478e-01
7.119476268412439079e-02,1.159420289855072478e-01
7.119476268412439079e-02,1.231884057971014551e-01
7.937806873977086564e-02,1.231884057971014551e-01
7.937806873977086564e-02,1.268115942028985588e-01
8.019639934533551173e-02,1.268115942028985588e-01
8.019639934533551173e-02,1.340579710144927661e-01
8.428805237315875609e-02,1.340579710144927661e-01
8.428805237315875609e-02,1.376811594202898559e-01
8.510638297872340219e-02,1.376811594202898559e-01
8.510638297872340219e-02,1.413043478260869457e-01
9.247135842880523093e-02,1.413043478260869457e-01
9.247135842880523093e-02,1.485507246376811530e-01
9.492635024549918310e-02,1.485507246376811530e-01
9.492635024549918310e-02,1.521739130434782705e-01
9.574468085106382920e-02,1.521739130434782705e-01
9.574468085106382920e-02,1.594202898550724501e-01
9.819967266775776749e-02,1.594202898550724501e-01
9.819967266775776749e-02,1.666666666666666574e-01
9.983633387888707356e-02,1.666666666666666574e-01
9.983633387888707356e-02,1.702898550724637750e-01
1.022913256955810118e-01,1.702898550724637750e-01
1.022913256955810118e-01,1.811594202898550721e-01
1.039279869067103040e-01,1.811594202898550721e-01
1.072013093289689023e-01,1.811594202898550721e-01
1.072013093289689023e-01,1.884057971014492794e-01
1.178396072013093293e-01,1.884057971014492794e-01
1.178396072013093293e-01,1.920289855072463692e-01
1.235679214402618659e-01,1.920289855072463692e-01
1.235679214402618659e-01,1.956521739130434867e-01
1.252045826513911719e-01,1.956521739130434867e-01
1.252045826513911719e-01,1.992753623188405765e-01
1.301145662847790485e-01,1.992753623188405765e-01
1.301145662847790485e-01,2.065217391304347838e-01
1.309328968903437085e-01,2.065217391304347838e-01
1.309328968903437085e-01,2.101449275362318736e-01
1.317512274959083407e-01,2.101449275362318736e-01
1.317512274959083407e-01,2.137681159420289911e-01
1.366612111292962450e-01,2.137681159420289911e-01
1.366612111292962450e-01,2.210144927536231985e-01
1.382978723404255372e-01,2.210144927536231985e-01
1.382978723404255372e-01,2.246376811594202882e-01
1.407528641571194894e-01,2.246376811594202882e-01
1.407528641571194894e-01,2.282608695652173780e-01
1.423895253682487816e-01,2.282608695652173780e-01
1.423895253682487816e-01,2.318840579710144956e-01
1.432078559738134138e-01,2.318840579710144956e-01
1.432078559738134138e-01,2.355072463768115854e-01
1.448445171849427060e-01,2.355072463768115854e-01
1.448445171849427060e-01,2.391304347826087029e-01
1.464811783960720259e-01,2.391304347826087029e-01
1.481178396072013181e-01,2.391304347826087029e-01
1.489361702127659504e-01,2.391304347826087029e-01
1.489361702127659504e-01,2.427536231884057927e-01
1.505728314238952426e-01,2.427536231884057927e-01
1.505728314238952426e-01,2.500000000000000000e-01
1.513911620294599025e-01,2.500000000000000000e-01
1.513911620294599025e-01,2.536231884057971175e-01
1.530278232405891947e-01,2.536231884057971175e-01
1.530278232405891947e-01,2.572463768115941796e-01
1.571194762684124391e-01,2.572463768115941796e-01
1.571194762684124391e-01,2.608695652173912971e-01
1.636661211129296356e-01,2.608695652173912971e-01
1.636661211129296356e-01,2.644927536231884146e-01
1.661211129296235600e-01,2.644927536231884146e-01
1.661211129296235600e-01,2.681159420289855322e-01
1.669394435351882200e-01,2.681159420289855322e-01
1.669394435351882200e-01,2.789855072463768293e-01
1.718494271685760966e-01,2.789855072463768293e-01
1.718494271685760966e-01,2.898550724637681264e-01
1.726677577741407565e-01,2.898550724637681264e-01
1.726677577741407565e-01,2.934782608695652439e-01
1.751227495908347087e-01,2.934782608695652439e-01
1.751227495908347087e-01,3.043478260869565410e-01
1.800327332242225853e-01,3.043478260869565410e-01
1.800327332242225853e-01,3.079710144927536031e-01
1.833060556464811697e-01,3.079710144927536031e-01
1.833060556464811697e-01,3.152173913043478382e-01
1.849427168576104619e-01,3.152173913043478382e-01
1.849427168576104619e-01,3.188405797101449002e-01
1.939443535188216106e-01,3.188405797101449002e-01
1.939443535188216106e-01,3.224637681159420177e-01
2.160392798690670968e-01,3.224637681159420177e-01
2.160392798690670968e-01,3.260869565217391353e-01
2.168576104746317568e-01,3.260869565217391353e-01
2.168576104746317568e-01,3.333333333333333148e-01
2.184942716857610490e-01,3.333333333333333148e-01
2.266775777414075377e-01,3.333333333333333148e-01
2.266775777414075377e-01,3.369565217391304324e-01
2.274959083469721699e-01,3.369565217391304324e-01
2.274959083469721699e-01,3.405797101449275499e-01
2.291325695581014621e-01,3.405797101449275499e-01
2.291325695581014621e-01,3.442028985507246119e-01
2.332242225859247065e-01,3.442028985507246119e-01
2.332242225859247065e-01,3.478260869565217295e-01
2.381342062193126108e-01,3.478260869565217295e-01
2.381342062193126108e-01,3.514492753623188470e-01
2.397708674304419030e-01,3.514492753623188470e-01
2.397708674304419030e-01,3.586956521739130266e-01
2.405891980360065352e-01,3.586956521739130266e-01
2.405891980360065352e-01,3.623188405797101441e-01
2.463175122749590717e-01,3.623188405797101441e-01
2.463175122749590717e-01,3.659420289855072617e-01
2.479541734860883917e-01,3.659420289855072617e-01
2.479541734860883917e-01,3.695652173913043237e-01
2.487725040916530239e-01,3.695652173913043237e-01
2.487725040916530239e-01,3.731884057971014412e-01
2.504091653027823439e-01,3.731884057971014412e-01
2.504091653027823439e-01,3.768115942028985588e-01
2.512274959083469761e-01,3.768115942028985588e-01
2.512274959083469761e-01,3.804347826086956763e-01
2.594108019639934648e-01,3.804347826086956763e-01
2.594108019639934648e-01,3.840579710144927383e-01
2.675941080196399535e-01,3.840579710144927383e-01
2.675941080196399535e-01,3.876811594202898559e-01
2.708674304418985379e-01,3.876811594202898559e-01
2.708674304418985379e-01,3.949275362318840354e-01
2.733224222585924901e-01,3.949275362318840354e-01
2.733224222585924901e-01,3.985507246376811530e-01
2.741407528641571223e-01,3.985507246376811530e-01
2.741407528641571223e-01,4.021739130434782705e-01
2.749590834697217545e-01,4.021739130434782705e-01
2.749590834697217545e-01,4.057971014492753881e-01
2.798690671031096588e-01,4.057971014492753881e-01
2.798690671031096588e-01,4.094202898550724501e-01
2.815057283142389788e-01,4.094202898550724501e-01
2.815057283142389788e-01,4.202898550724637472e-01
2.823240589198036110e-01,4.202898550724637472e-01
2.823240589198036110e-01,4.311594202898550998e-01
2.847790507364975632e-01,4.311594202898550998e-01
2.847790507364975632e-01,4.420289855072463969e-01
2.855973813420621954e-01,4.420289855072463969e-01
2.855973813420621954e-01,4.456521739130434590e-01
2.929623567921440519e-01,4.456521739130434590e-01
2.929623567921440519e-01,4.492753623188405765e-01
2.945990180032733163e-01,4.492753623188405765e-01
2.945990180032733163e-01,4.528985507246376940e-01
2.962356792144026363e-01,4.528985507246376940e-01
2.962356792144026363e-01,4.565217391304347561e-01
3.052373158756137572e-01,4.565217391304347561e-01
3.052373158756137572e-01,4.601449275362318736e-01
3.265139116202945835e-01,4.601449275362318736e-01
3.265139116202945835e-01,4.637681159420289911e-01
3.306055646481178556e-01,4.637681159420289911e-01
3.306055646481178556e-01,4.746376811594202882e-01
3.314238952536824878e-01,4.746376811594202882e-01
3.314238952536824878e-01,4.782608695652174058e-01
3.338788870703764400e-01,4.782608695652174058e-01
3.338788870703764400e-01,4.818840579710144678e-01
3.355155482815057044e-01,4.818840579710144678e-01
3.355155482815057044e-01,4.855072463768115854e-01
3.371522094926350244e-01,4.855072463768115854e-01
3.371522094926350244e-01,4.891304347826087029e-01
3.396072013093289765e-01,4.891304347826087029e-01
3.396072013093289765e-01,5.000000000000000000e-01
3.412438625204582410e-01,5.000000000000000000e-01
3.412438625204582410e-01,5.072463768115942351e-01
3.469721767594107775e-01,5.072463768115942351e-01
3.469721767594107775e-01,5.108695652173913526e-01
3.477905073649754653e-01,5.108695652173913526e-01
3.477905073649754653e-01,5.144927536231883591e-01
3.518821603927986819e-01,5.144927536231883591e-01
3.518821603927986819e-01,5.217391304347825942e-01
3.649754500818330749e-01,5.217391304347825942e-01
3.649754500818330749e-01,5.253623188405797118e-01
3.698854337152209237e-01,5.253623188405797118e-01
3.698854337152209237e-01,5.289855072463768293e-01
3.739770867430441958e-01,5.289855072463768293e-01
3.739770867430441958e-01,5.326086956521739468e-01
3.805237315875613646e-01,5.326086956521739468e-01
3.805237315875613646e-01,5.362318840579710644e-01
3.829787234042553168e-01,5.362318840579710644e-01
3.829787234042553168e-01,5.398550724637680709e-01
3.862520458265139012e-01,5.398550724637680709e-01
3.862520458265139012e-01,5.434782608695651884e-01
3.944353518821603899e-01,5.434782608695651884e-01
3.944353518821603899e-01,5.471014492753623060e-01
3.968903436988543421e-01,5.471014492753623060e-01
3.968903436988543421e-01,5.507246376811594235e-01
3.985270049099836065e-01,5.507246376811594235e-01
3.985270049099836065e-01,5.543478260869565410e-01
4.034369885433715108e-01,5.543478260869565410e-01
4.034369885433715108e-01,5.579710144927536586e-01
4.050736497545008308e-01,5.579710144927536586e-01
4.050736497545008308e-01,5.652173913043477826e-01
4.083469721767594152e-01,5.652173913043477826e-01
4.083469721767594152e-01,5.724637681159420177e-01
4.099836333878886796e-01,5.724637681159420177e-01
4.099836333878886796e-01,5.760869565217391353e-01
4.157119476268412162e-01,5.760869565217391353e-01
4.157119476268412162e-01,5.797101449275362528e-01
4.214402618657938082e-01,5.797101449275362528e-01
4.214402618657938082e-01,5.833333333333333703e-01
4.230769230769230727e-01,5.833333333333333703e-01
4.230769230769230727e-01,5.869565217391304879e-01
4.271685761047463448e-01,5.869565217391304879e-01
4.271685761047463448e-01,5.942028985507246119e-01
4.279869067103109770e-01,5.942028985507246119e-01
4.279869067103109770e-01,5.978260869565217295e-01
4.451718494271685866e-01,5.978260869565217295e-01
4.451718494271685866e-01,6.014492753623188470e-01
4.459901800327332189e-01,6.014492753623188470e-01
4.459901800327332189e-01,6.050724637681159646e-01
4.500818330605564910e-01,6.050724637681159646e-01
4.500818330605564910e-01,6.086956521739130821e-01
4.525368248772503876e-01,6.086956521739130821e-01
4.525368248772503876e-01,6.123188405797101996e-01
4.541734860883797076e-01,6.123188405797101996e-01
4.541734860883797076e-01,6.159420289855072062e-01
4.582651391162029242e-01,6.159420289855072062e-01
4.582651391162029242e-01,6.195652173913043237e-01
4.893617021276595591e-01,6.195652173913043237e-01
4.893617021276595591e-01,6.268115942028985588e-01
4.909983633387888791e-01,6.268115942028985588e-01
4.909983633387888791e-01,6.304347826086956763e-01
4.918166939443535113e-01,6.304347826086956763e-01
4.918166939443535113e-01,6.340579710144927938e-01
4.926350245499181435e-01,6.340579710144927938e-01
4.926350245499181435e-01,6.376811594202898004e-01
4.959083469721767834e-01,6.376811594202898004e-01
4.959083469721767834e-01,6.413043478260869179e-01
4.967266775777414156e-01,6.413043478260869179e-01
4.967266775777414156e-01,6.449275362318840354e-01
4.975450081833060478e-01,6.449275362318840354e-01
4.975450081833060478e-01,6.485507246376811530e-01
5.008183306055646877e-01,6.485507246376811530e-01
5.008183306055646877e-01,6.557971014492753881e-01
5.040916530278232166e-01,6.557971014492753881e-01
5.040916530278232166e-01,6.594202898550725056e-01
5.188216039279869296e-01,6.594202898550725056e-01
5.188216039279869296e-01,6.630434782608695121e-01
5.294599018003273150e-01,6.630434782608695121e-01
5.294599018003273150e-01,6.666666666666666297e-01
5.302782324058920027e-01,6.666666666666666297e-01
5.302782324058920027e-01,6.739130434782608647e-01
5.335515548281505316e-01,6.739130434782608647e-01
5.335515548281505316e-01,6.811594202898550998e-01
5.458265139116202924e-01,6.811594202898550998e-01
5.458265139116202924e-01,6.847826086956522174e-01
5.466448445171849801e-01,6.847826086956522174e-01
5.466448445171849801e-01,6.920289855072463414e-01
5.507364975450081968e-01,6.920289855072463414e-01
5.507364975450081968e-01,6.992753623188405765e-01
5.572831423895253655e-01,6.992753623188405765e-01
5.572831423895253655e-01,7.028985507246376940e-01
5.581014729950900533e-01,7.028985507246376940e-01
5.581014729950900533e-01,7.065217391304348116e-01
5.613747954173485821e-01,7.065217391304348116e-01
5.613747954173485821e-01,7.101449275362319291e-01
5.638297872340425343e-01,7.101449275362319291e-01
5.638297872340425343e-01,7.137681159420289356e-01
5.654664484451717987e-01,7.137681159420289356e-01
5.654664484451717987e-01,7.173913043478260532e-01
5.752864157119476074e-01,7.173913043478260532e-01
5.752864157119476074e-01,7.210144927536231707e-01
5.826513911620294639e-01,7.210144927536231707e-01
5.826513911620294639e-01,7.246376811594202882e-01
5.883797054009819449e-01,7.246376811594202882e-01
5.883797054009819449e-01,7.318840579710145233e-01
5.941080196399345370e-01,7.318840579710145233e-01
5.941080196399345370e-01,7.355072463768116409e-01
5.949263502454992247e-01,7.355072463768116409e-01
5.949263502454992247e-01,7.391304347826086474e-01
5.981996726677577536e-01,7.391304347826086474e-01
5.981996726677577536e-01,7.427536231884057649e-01
6.080196399345335623e-01,7.427536231884057649e-01
6.080196399345335623e-01,7.463768115942028825e-01
6.137479541734860433e-01,7.463768115942028825e-01
6.137479541734860433e-01,7.500000000000000000e-01
6.170212765957446832e-01,7.500000000000000000e-01
6.170212765957446832e-01,7.536231884057971175e-01
6.219312602291325875e-01,7.536231884057971175e-01
6.219312602291325875e-01,7.608695652173913526e-01
6.268412438625204919e-01,7.608695652173913526e-01
6.268412438625204919e-01,7.644927536231883591e-01
6.317512274959083962e-01,7.644927536231883591e-01
6.317512274959083962e-01,7.681159420289854767e-01
6.333878887070376607e-01,7.681159420289854767e-01
6.366612111292961895e-01,7.681159420289854767e-01
6.366612111292961895e-01,7.789855072463768293e-01
6.382978723404255650e-01,7.789855072463768293e-01
6.382978723404255650e-01,7.826086956521739468e-01
6.464811783960719982e-01,7.826086956521739468e-01
6.464811783960719982e-01,7.862318840579710644e-01
6.579378068739770713e-01,7.862318840579710644e-01
6.579378068739770713e-01,7.898550724637680709e-01
6.636661211129296634e-01,7.898550724637680709e-01
6.636661211129296634e-01,7.934782608695651884e-01
6.759410801963993132e-01,7.934782608695651884e-01
6.759410801963993132e-01,7.971014492753623060e-01
6.783960720130932653e-01,7.971014492753623060e-01
6.783960720130932653e-01,8.007246376811594235e-01
6.792144026186579531e-01,8.007246376811594235e-01
6.792144026186579531e-01,8.043478260869565410e-01
6.808510638297872175e-01,8.043478260869565410e-01
6.808510638297872175e-01,8.115942028985507761e-01
6.816693944353519052e-01,8.115942028985507761e-01
6.816693944353519052e-01,8.152173913043477826e-01
6.849427168576104341e-01,8.152173913043477826e-01
6.849427168576104341e-01,8.188405797101449002e-01
6.873977086743043863e-01,8.188405797101449002e-01
6.873977086743043863e-01,8.224637681159420177e-01
6.963993453355155072e-01,8.224637681159420177e-01
6.963993453355155072e-01,8.260869565217391353e-01
7.029459901800327870e-01,8.260869565217391353e-01
7.029459901800327870e-01,8.333333333333333703e-01
7.062193126022913159e-01,8.333333333333333703e-01
7.062193126022913159e-01,8.369565217391304879e-01
7.094926350245499558e-01,8.369565217391304879e-01
7.094926350245499558e-01,8.405797101449274944e-01
7.119476268412439079e-01,8.405797101449274944e-01
7.119476268412439079e-01,8.478260869565217295e-01
7.217675941080196056e-01,8.478260869565217295e-01
7.217675941080196056e-01,8.514492753623188470e-01
7.234042553191489811e-01,8.514492753623188470e-01
7.234042553191489811e-01,8.550724637681159646e-01
7.274959083469721977e-01,8.550724637681159646e-01
7.274959083469721977e-01,8.659420289855072062e-01
7.299509001636661498e-01,8.659420289855072062e-01
7.299509001636661498e-01,8.731884057971014412e-01
7.315875613747954143e-01,8.731884057971014412e-01
7.315875613747954143e-01,8.768115942028985588e-01
7.324058919803601020e-01,8.768115942028985588e-01
7.324058919803601020e-01,8.804347826086956763e-01
7.364975450081833186e-01,8.804347826086956763e-01
7.381342062193125830e-01,8.804347826086956763e-01
7.397708674304418475e-01,8.804347826086956763e-01
7.397708674304418475e-01,8.840579710144927938e-01
7.454991816693944395e-01,8.840579710144927938e-01
7.454991816693944395e-01,8.876811594202898004e-01
7.504091653027823439e-01,8.876811594202898004e-01
7.504091653027823439e-01,8.913043478260869179e-01
7.512274959083469206e-01,8.913043478260869179e-01
7.512274959083469206e-01,8.949275362318840354e-01
7.545008183306055605e-01,8.949275362318840354e-01
7.545008183306055605e-01,8.985507246376811530e-01
7.577741407528642004e-01,8.985507246376811530e-01
7.577741407528642004e-01,9.021739130434782705e-01
7.626841243862519937e-01,9.021739130434782705e-01
7.626841243862519937e-01,9.057971014492753881e-01
7.667757774140753213e-01,9.057971014492753881e-01
7.667757774140753213e-01,9.094202898550725056e-01
7.733224222585924901e-01,9.094202898550725056e-01
7.733224222585924901e-01,9.130434782608695121e-01
7.757774140752864422e-01,9.130434782608695121e-01
7.757774140752864422e-01,9.166666666666666297e-01
7.806873977086743466e-01,9.166666666666666297e-01
7.806873977086743466e-01,9.202898550724637472e-01
7.815057283142389233e-01,9.202898550724637472e-01
7.815057283142389233e-01,9.239130434782608647e-01
7.864157119476268276e-01,9.239130434782608647e-01
7.864157119476268276e-01,9.275362318840579823e-01
7.921440261865794197e-01,9.275362318840579823e-01
7.921440261865794197e-01,9.311594202898550998e-01
8.019639934533551173e-01,9.311594202898550998e-01
8.019639934533551173e-01,9.347826086956522174e-01
8.052373158756137572e-01,9.347826086956522174e-01
8.052373158756137572e-01,9.384057971014492239e-01
8.093289689034369738e-01,9.384057971014492239e-01
8.093289689034369738e-01,9.420289855072463414e-01
8.142389525368248782e-01,9.420289855072463414e-01
8.142389525368248782e-01,9.456521739130434590e-01
8.199672667757773592e-01,9.456521739130434590e-01
8.199672667757773592e-01,9.528985507246376940e-01
8.306055646481178556e-01,9.528985507246376940e-01
8.306055646481178556e-01,9.565217391304348116e-01
8.559738134206219540e-01,9.565217391304348116e-01
8.576104746317512184e-01,9.565217391304348116e-01
8.592471358428804828e-01,9.565217391304348116e-01
8.592471358428804828e-01,9.601449275362319291e-01
8.682487725040916038e-01,9.601449275362319291e-01
8.682487725040916038e-01,9.637681159420289356e-01
8.723404255319149314e-01,9.637681159420289356e-01
8.723404255319149314e-01,9.673913043478260532e-01
8.731587561374795081e-01,9.673913043478260532e-01
8.731587561374795081e-01,9.710144927536231707e-01
8.739770867430441958e-01,9.710144927536231707e-01
8.739770867430441958e-01,9.782608695652174058e-01
8.756137479541734603e-01,9.782608695652174058e-01
8.756137479541734603e-01,9.818840579710145233e-01
8.772504091653028357e-01,9.818840579710145233e-01
8.772504091653028357e-01,9.855072463768116409e-01
8.797054009819966769e-01,9.855072463768116409e-01
8.797054009819966769e-01,9.891304347826086474e-01
8.977086743044190298e-01,9.891304347826086474e-01
8.977086743044190298e-01,9.927536231884057649e-01
9.050736497545007753e-01,9.927536231884057649e-01
9.050736497545007753e-01,9.963768115942028825e-01
9.345335515548282013e-01,9.963768115942028825e-01
9.345335515548282013e-01,1.000000000000000000e+00
1.000000000000000000e+00,1.000000000000000000e+00
