FPR,TPR
0.000000000000000000e+00,0.000000000000000000e+00
6.105006105006105001e-04,0.000000000000000000e+00
6.105006105006105001e-04,1.465201465201465200e-02
2.442002442002442000e-03,1.465201465201465200e-02
2.442002442002442000e-03,1.648351648351648394e-02
3.663003663003663000e-03,1.648351648351648394e-02
3.663003663003663000e-03,1.831501831501831587e-02
4.273504273504273934e-03,1.831501831501831587e-02
4.273504273504273934e-03,2.380952380952380820e-02
6.105006105006105001e-03,2.380952380952380820e-02
6.105006105006105001e-03,2.747252747252747207e-02
6.715506715506715935e-03,2.747252747252747207e-02
6.715506715506715935e-03,3.113553113553113594e-02
7.326007326007326001e-03,3.113553113553113594e-02
7.326007326007326001e-03,3.296703296703296787e-02
7.936507936507936067e-03,3.296703296703296787e-02
7.936507936507936067e-03,3.846153846153846367e-02
8.547008547008547868e-03,3.846153846153846367e-02
8.547008547008547868e-03,5.494505494505494414e-02
9.157509157509157935e-03,5.494505494505494414e-02
9.157509157509157935e-03,5.677655677655677607e-02
1.037851037851037807e-02,5.677655677655677607e-02
1.037851037851037807e-02,6.410256410256409687e-02
2.319902319902319987e-02,6.410256410256409687e-02
2.319902319902319987e-02,7.326007326007326348e-02
2.442002442002442000e-02,7.326007326007326348e-02
2.442002442002442000e-02,7.509157509157508847e-02
2.869352869352869220e-02,7.509157509157508847e-02
2.869352869352869220e-02,7.692307692307692735e-02
2.930402930402930400e-02,7.692307692307692735e-02
2.930402930402930400e-02,8.241758241758241621e-02
2.991452991452991581e-02,8.241758241758241621e-02
2.991452991452991581e-02,8.424908424908425508e-02
3.174603174603174427e-02,8.424908424908425508e-02
3.174603174603174427e-02,8.791208791208791895e-02
3.235653235653235954e-02,8.791208791208791895e-02
3.235653235653235954e-02,9.157509157509156894e-02
3.601953601953601647e-02,9.157509157509156894e-02
3.601953601953601647e-02,9.340659340659340781e-02
3.785103785103784840e-02,9.340659340659340781e-02
3.785103785103784840e-02,9.523809523809523281e-02
3.846153846153846367e-02,9.523809523809523281e-02
3.846153846153846367e-02,1.007326007326007355e-01
3.907203907203907201e-02,1.007326007326007355e-01
3.907203907203907201e-02,1.062271062271062244e-01
3.968253968253968034e-02,1.062271062271062244e-01
3.968253968253968034e-02,1.080586080586080633e-01
4.334554334554334420e-02,1.080586080586080633e-01
4.334554334554334420e-02,1.098901098901098883e-01
4.517704517704517614e-02,1.098901098901098883e-01
4.517704517704517614e-02,1.135531135531135521e-01
4.639804639804639974e-02,1.135531135531135521e-01
4.639804639804639974e-02,1.172161172161172160e-01
4.700854700854700807e-02,1.172161172161172160e-01
4.700854700854700807e-02,1.208791208791208799e-01
4.761904761904761640e-02,1.208791208791208799e-01
4.761904761904761640e-02,1.227106227106227049e-01
4.945054945054944834e-02,1.227106227106227049e-01
4.945054945054944834e-02,1.263736263736263687e-01
5.067155067155067194e-02,1.263736263736263687e-01
5.067155067155067194e-02,1.282051282051281937e-01
5.311355311355311221e-02,1.282051282051281937e-01
5.311355311355311221e-02,1.300366300366300465e-01
5.372405372405372748e-02,1.300366300366300465e-01
5.372405372405372748e-02,1.336996336996336965e-01
5.982905982905983161e-02,1.336996336996336965e-01
5.982905982905983161e-02,1.355311355311355215e-01
6.105006105006104827e-02,1.355311355311355215e-01
6.105006105006104827e-02,1.391941391941391992e-01
6.166056166056166354e-02,1.391941391941391992e-01
6.166056166056166354e-02,1.410256410256410242e-01
6.288156288156288021e-02,1.410256410256410242e-01
6.288156288156288021e-02,1.428571428571428492e-01
6.349206349206348854e-02,1.428571428571428492e-01
6.349206349206348854e-02,1.446886446886447020e-01
6.471306471306471908e-02,1.446886446886447020e-01
6.471306471306471908e-02,1.465201465201465270e-01
6.654456654456654408e-02,1.465201465201465270e-01
6.654456654456654408e-02,1.483516483516483520e-01
6.776556776556776074e-02,1.483516483516483520e-01
6.776556776556776074e-02,1.501831501831501769e-01
6.959706959706959961e-02,1.501831501831501769e-01
6.959706959706959961e-02,1.520146520146520019e-01
7.142857142857142461e-02,1.520146520146520019e-01
7.142857142857142461e-02,1.538461538461538547e-01
7.203907203907203294e-02,1.538461538461538547e-01
7.203907203907203294e-02,1.556776556776556797e-01
7.326007326007326348e-02,1.556776556776556797e-01
7.326007326007326348e-02,1.575091575091575047e-01
7.387057387057387181e-02,1.575091575091575047e-01
7.387057387057387181e-02,1.593406593406593297e-01
7.570207570207569681e-02,1.593406593406593297e-01
7.570207570207569681e-02,1.666666666666666574e-01
8.058608058608059121e-02,1.666666666666666574e-01
8.058608058608059121e-02,1.703296703296703352e-01
8.180708180708180788e-02,1.703296703296703352e-01
8.180708180708180788e-02,1.721611721611721602e-01
8.363858363858363287e-02,1.721611721611721602e-01
8.363858363858363287e-02,1.739926739926739852e-01
8.485958485958486341e-02,1.739926739926739852e-01
8.485958485958486341e-02,1.776556776556776629e-01
8.547008547008547175e-02,1.776556776556776629e-01
8.547008547008547175e-02,1.794871794871794879e-01
8.852258852258852728e-02,1.794871794871794879e-01
8.852258852258852728e-02,1.831501831501831379e-01
8.913308913308913561e-02,1.831501831501831379e-01
8.913308913308913561e-02,1.868131868131868156e-01
9.157509157509156894e-02,1.868131868131868156e-01
9.157509157509156894e-02,1.886446886446886406e-01
9.279609279609279948e-02,1.886446886446886406e-01
9.279609279609279948e-02,1.904761904761904656e-01
9.340659340659340781e-02,1.904761904761904656e-01
9.340659340659340781e-02,1.923076923076923184e-01
9.462759462759462448e-02,1.923076923076923184e-01
9.462759462759462448e-02,1.941391941391941434e-01
9.584859584859585502e-02,1.941391941391941434e-01
9.584859584859585502e-02,1.959706959706959684e-01
9.645909645909646335e-02,1.959706959706959684e-01
9.645909645909646335e-02,2.014652014652014711e-01
9.706959706959707168e-02,2.014652014652014711e-01
9.706959706959707168e-02,2.106227106227106238e-01
9.768009768009768001e-02,2.106227106227106238e-01
9.768009768009768001e-02,2.124542124542124488e-01
9.890109890109889668e-02,2.124542124542124488e-01
1.007326007326007355e-01,2.124542124542124488e-01
1.007326007326007355e-01,2.142857142857142738e-01
1.019536019536019522e-01,2.142857142857142738e-01
1.019536019536019522e-01,2.161172161172161266e-01
1.025641025641025605e-01,2.161172161172161266e-01
1.025641025641025605e-01,2.179487179487179516e-01
1.037851037851037911e-01,2.179487179487179516e-01
1.037851037851037911e-01,2.216117216117216016e-01
1.080586080586080633e-01,2.216117216117216016e-01
1.080586080586080633e-01,2.271062271062271043e-01
1.092796092796092799e-01,2.271062271062271043e-01
1.092796092796092799e-01,2.289377289377289293e-01
1.105006105006104966e-01,2.289377289377289293e-01
1.105006105006104966e-01,2.307692307692307820e-01
1.129426129426129438e-01,2.307692307692307820e-01
1.129426129426129438e-01,2.326007326007326070e-01
1.147741147741147688e-01,2.326007326007326070e-01
1.147741147741147688e-01,2.344322344322344320e-01
1.166056166056166077e-01,2.344322344322344320e-01
1.166056166056166077e-01,2.362637362637362570e-01
1.184371184371184327e-01,2.362637362637362570e-01
1.184371184371184327e-01,2.380952380952380820e-01
1.196581196581196632e-01,2.380952380952380820e-01
1.196581196581196632e-01,2.399267399267399348e-01
1.214896214896214882e-01,2.399267399267399348e-01
1.214896214896214882e-01,2.435897435897435848e-01
1.227106227106227049e-01,2.435897435897435848e-01
1.227106227106227049e-01,2.454212454212454098e-01
1.233211233211233271e-01,2.454212454212454098e-01
1.233211233211233271e-01,2.472527472527472625e-01
1.251526251526251521e-01,2.472527472527472625e-01
1.251526251526251521e-01,2.527472527472527375e-01
1.257631257631257604e-01,2.527472527472527375e-01
1.257631257631257604e-01,2.545787545787545625e-01
1.263736263736263687e-01,2.545787545787545625e-01
1.263736263736263687e-01,2.564102564102563875e-01
1.282051282051281937e-01,2.564102564102563875e-01
1.282051282051281937e-01,2.600732600732600930e-01
1.318681318681318715e-01,2.600732600732600930e-01
1.318681318681318715e-01,2.619047619047619180e-01
1.330891330891330882e-01,2.619047619047619180e-01
1.330891330891330882e-01,2.655677655677655680e-01
1.336996336996336965e-01,2.655677655677655680e-01
1.336996336996336965e-01,2.692307692307692180e-01
1.343101343101343048e-01,2.692307692307692180e-01
1.343101343101343048e-01,2.747252747252747485e-01
1.361416361416361298e-01,2.747252747252747485e-01
1.361416361416361298e-01,2.765567765567765735e-01
1.367521367521367659e-01,2.765567765567765735e-01
1.367521367521367659e-01,2.783882783882783984e-01
1.398046398046398076e-01,2.783882783882783984e-01
1.398046398046398076e-01,2.838827838827838734e-01
1.404151404151404159e-01,2.838827838827838734e-01
1.404151404151404159e-01,2.857142857142856984e-01
1.422466422466422409e-01,2.857142857142856984e-01
1.422466422466422409e-01,2.912087912087912289e-01
1.428571428571428492e-01,2.912087912087912289e-01
1.428571428571428492e-01,2.930402930402930539e-01
1.434676434676434575e-01,2.930402930402930539e-01
1.434676434676434575e-01,2.967032967032967039e-01
1.459096459096459186e-01,2.967032967032967039e-01
1.459096459096459186e-01,2.985347985347985289e-01
1.465201465201465270e-01,2.985347985347985289e-01
1.465201465201465270e-01,3.131868131868131844e-01
1.471306471306471353e-01,3.131868131868131844e-01
1.471306471306471353e-01,3.168498168498168344e-01
1.477411477411477436e-01,3.168498168498168344e-01
1.477411477411477436e-01,3.223443223443223649e-01
1.489621489621489603e-01,3.223443223443223649e-01
1.489621489621489603e-01,3.241758241758241899e-01
1.495726495726495686e-01,3.241758241758241899e-01
1.495726495726495686e-01,3.296703296703296648e-01
1.501831501831501769e-01,3.296703296703296648e-01
1.501831501831501769e-01,3.315018315018314898e-01
1.526251526251526380e-01,3.315018315018314898e-01
1.526251526251526380e-01,3.351648351648351398e-01
1.538461538461538547e-01,3.351648351648351398e-01
1.538461538461538547e-01,3.369963369963370203e-01
1.544566544566544630e-01,3.369963369963370203e-01
1.544566544566544630e-01,3.406593406593406703e-01
1.550671550671550714e-01,3.406593406593406703e-01
1.550671550671550714e-01,3.424908424908424953e-01
1.581196581196581130e-01,3.424908424908424953e-01
1.581196581196581130e-01,3.461538461538461453e-01
1.599511599511599380e-01,3.461538461538461453e-01
1.599511599511599380e-01,3.479853479853479703e-01
1.611721611721611824e-01,3.479853479853479703e-01
1.611721611721611824e-01,3.498168498168497953e-01
1.666666666666666574e-01,3.498168498168497953e-01
1.666666666666666574e-01,3.516483516483516758e-01
1.684981684981685102e-01,3.516483516483516758e-01
1.684981684981685102e-01,3.553113553113553258e-01
1.709401709401709435e-01,3.553113553113553258e-01
1.709401709401709435e-01,3.571428571428571508e-01
1.776556776556776629e-01,3.571428571428571508e-01
1.776556776556776629e-01,3.589743589743589758e-01
1.782661782661782712e-01,3.589743589743589758e-01
1.782661782661782712e-01,3.608058608058608008e-01
1.788766788766788796e-01,3.608058608058608008e-01
1.788766788766788796e-01,3.626373626373626258e-01
1.819291819291819212e-01,3.626373626373626258e-01
1.819291819291819212e-01,3.644688644688644508e-01
1.831501831501831379e-01,3.644688644688644508e-01
1.831501831501831379e-01,3.663003663003662758e-01
1.880341880341880323e-01,3.663003663003662758e-01
1.880341880341880323e-01,3.699633699633699813e-01
1.898656898656898573e-01,3.699633699633699813e-01
1.898656898656898573e-01,3.736263736263736313e-01
1.910866910866910739e-01,3.736263736263736313e-01
1.910866910866910739e-01,3.772893772893772812e-01
1.916971916971917100e-01,3.772893772893772812e-01
1.916971916971917100e-01,3.846153846153846367e-01
1.923076923076923184e-01,3.846153846153846367e-01
1.923076923076923184e-01,3.864468864468864617e-01
1.941391941391941434e-01,3.864468864468864617e-01
1.941391941391941434e-01,3.882783882783882867e-01
1.953601953601953600e-01,3.882783882783882867e-01
1.953601953601953600e-01,3.901098901098901117e-01
1.965811965811965767e-01,3.901098901098901117e-01
1.965811965811965767e-01,3.937728937728937617e-01
1.996336996336996461e-01,3.937728937728937617e-01
1.996336996336996461e-01,3.974358974358974117e-01
2.014652014652014711e-01,3.974358974358974117e-01
2.014652014652014711e-01,3.992673992673992922e-01
2.026862026862026878e-01,3.992673992673992922e-01
2.026862026862026878e-01,4.010989010989011172e-01
2.051282051282051211e-01,4.010989010989011172e-01
2.051282051282051211e-01,4.047619047619047672e-01
2.069597069597069461e-01,4.047619047619047672e-01
2.069597069597069461e-01,4.065934065934065922e-01
2.087912087912087988e-01,4.065934065934065922e-01
2.087912087912087988e-01,4.120879120879120672e-01
2.112332112332112322e-01,4.120879120879120672e-01
2.112332112332112322e-01,4.139194139194138922e-01
2.118437118437118405e-01,4.139194139194138922e-01
2.118437118437118405e-01,4.157509157509157727e-01
2.155067155067155182e-01,4.157509157509157727e-01
2.155067155067155182e-01,4.175824175824175977e-01
2.185592185592185599e-01,4.175824175824175977e-01
2.185592185592185599e-01,4.212454212454212477e-01
2.191697191697191682e-01,4.212454212454212477e-01
2.191697191697191682e-01,4.249084249084248976e-01
2.240537240537240626e-01,4.249084249084248976e-01
2.240537240537240626e-01,4.285714285714285476e-01
2.258852258852258876e-01,4.285714285714285476e-01
2.258852258852258876e-01,4.304029304029304281e-01
2.271062271062271043e-01,4.304029304029304281e-01
2.271062271062271043e-01,4.322344322344322531e-01
2.289377289377289293e-01,4.322344322344322531e-01
2.289377289377289293e-01,4.340659340659340781e-01
2.319902319902319987e-01,4.340659340659340781e-01
2.319902319902319987e-01,4.358974358974359031e-01
2.326007326007326070e-01,4.358974358974359031e-01
2.326007326007326070e-01,4.377289377289377281e-01
2.338217338217338237e-01,4.377289377289377281e-01
2.338217338217338237e-01,4.413919413919413781e-01
2.374847374847374737e-01,4.413919413919413781e-01
2.374847374847374737e-01,4.432234432234432031e-01
2.472527472527472625e-01,4.432234432234432031e-01
2.472527472527472625e-01,4.450549450549450281e-01
2.478632478632478708e-01,4.450549450549450281e-01
2.478632478632478708e-01,4.468864468864469086e-01
2.515262515262515208e-01,4.468864468864469086e-01
2.515262515262515208e-01,4.505494505494505586e-01
2.527472527472527375e-01,4.505494505494505586e-01
2.527472527472527375e-01,4.523809523809523836e-01
2.539682539682539542e-01,4.523809523809523836e-01
2.539682539682539542e-01,4.542124542124542086e-01
2.545787545787545625e-01,4.542124542124542086e-01
2.545787545787545625e-01,4.560439560439560336e-01
2.588522588522588763e-01,4.560439560439560336e-01
2.588522588522588763e-01,4.578754578754578586e-01
2.612942612942613096e-01,4.578754578754578586e-01
2.612942612942613096e-01,4.615384615384615641e-01
2.667887667887667846e-01,4.615384615384615641e-01
2.667887667887667846e-01,4.633699633699633891e-01
2.686202686202686096e-01,4.633699633699633891e-01
2.686202686202686096e-01,4.652014652014652141e-01
2.765567765567765735e-01,4.652014652014652141e-01
2.765567765567765735e-01,4.670329670329670391e-01
2.771672771672771818e-01,4.670329670329670391e-01
2.771672771672771818e-01,4.688644688644688641e-01
2.783882783882783984e-01,4.688644688644688641e-01
2.783882783882783984e-01,4.761904761904761640e-01
2.802197802197802234e-01,4.761904761904761640e-01
2.802197802197802234e-01,4.780219780219780445e-01
2.814407814407814401e-01,4.780219780219780445e-01
2.814407814407814401e-01,4.798534798534798695e-01
2.918192918192918373e-01,4.798534798534798695e-01
2.918192918192918373e-01,4.816849816849816945e-01
2.924297924297924456e-01,4.816849816849816945e-01
2.924297924297924456e-01,4.853479853479853445e-01
2.930402930402930539e-01,4.853479853479853445e-01
2.930402930402930539e-01,4.890109890109889945e-01
2.948717948717948789e-01,4.890109890109889945e-01
2.948717948717948789e-01,4.908424908424908195e-01
2.954822954822954872e-01,4.908424908424908195e-01
2.954822954822954872e-01,4.926739926739927000e-01
2.991452991452991372e-01,4.926739926739927000e-01
2.991452991452991372e-01,4.945054945054945250e-01
3.003663003663003539e-01,4.945054945054945250e-01
3.003663003663003539e-01,4.963369963369963500e-01
3.015873015873015706e-01,4.963369963369963500e-01
3.015873015873015706e-01,4.981684981684981750e-01
3.034188034188033956e-01,4.981684981684981750e-01
3.034188034188033956e-01,5.036630036630036500e-01
3.052503052503052761e-01,5.036630036630036500e-01
3.052503052503052761e-01,5.073260073260073000e-01
3.070818070818071011e-01,5.073260073260073000e-01
3.070818070818071011e-01,5.091575091575091250e-01
3.076923076923077094e-01,5.091575091575091250e-01
3.089133089133089261e-01,5.091575091575091250e-01
3.089133089133089261e-01,5.109890109890109500e-01
3.101343101343101427e-01,5.109890109890109500e-01
3.101343101343101427e-01,5.128205128205127750e-01
3.107448107448107510e-01,5.128205128205127750e-01
3.107448107448107510e-01,5.146520146520146000e-01
3.113553113553113594e-01,5.146520146520146000e-01
3.113553113553113594e-01,5.183150183150183610e-01
3.156288156288156177e-01,5.183150183150183610e-01
3.156288156288156177e-01,5.201465201465201860e-01
3.217338217338217565e-01,5.201465201465201860e-01
3.217338217338217565e-01,5.219780219780220110e-01
3.253968253968254065e-01,5.219780219780220110e-01
3.253968253968254065e-01,5.238095238095238360e-01
3.260073260073260148e-01,5.238095238095238360e-01
3.260073260073260148e-01,5.256410256410256610e-01
3.327228327228327065e-01,5.256410256410256610e-01
3.327228327228327065e-01,5.293040293040293109e-01
3.339438339438339232e-01,5.293040293040293109e-01
3.339438339438339232e-01,5.329670329670329609e-01
3.369963369963370203e-01,5.329670329670329609e-01
3.369963369963370203e-01,5.347985347985347859e-01
3.376068376068376287e-01,5.347985347985347859e-01
3.376068376068376287e-01,5.366300366300366109e-01
3.431013431013431036e-01,5.366300366300366109e-01
3.431013431013431036e-01,5.384615384615384359e-01
3.437118437118437120e-01,5.384615384615384359e-01
3.437118437118437120e-01,5.457875457875457359e-01
3.449328449328449286e-01,5.457875457875457359e-01
3.449328449328449286e-01,5.476190476190476719e-01
3.479853479853479703e-01,5.476190476190476719e-01
3.479853479853479703e-01,5.512820512820513219e-01
3.492063492063491870e-01,5.512820512820513219e-01
3.492063492063491870e-01,5.549450549450549719e-01
3.522588522588522841e-01,5.549450549450549719e-01
3.522588522588522841e-01,5.567765567765567969e-01
3.534798534798535008e-01,5.567765567765567969e-01
3.534798534798535008e-01,5.586080586080586219e-01
3.540903540903541091e-01,5.586080586080586219e-01
3.540903540903541091e-01,5.604395604395604469e-01
3.553113553113553258e-01,5.604395604395604469e-01
3.553113553113553258e-01,5.659340659340659219e-01
3.559218559218559341e-01,5.659340659340659219e-01
3.559218559218559341e-01,5.677655677655677469e-01
3.565323565323565425e-01,5.677655677655677469e-01
3.565323565323565425e-01,5.695970695970695719e-01
3.583638583638583675e-01,5.695970695970695719e-01
3.583638583638583675e-01,5.714285714285713969e-01
3.589743589743589758e-01,5.714285714285713969e-01
3.589743589743589758e-01,5.732600732600732218e-01
3.626373626373626258e-01,5.732600732600732218e-01
3.626373626373626258e-01,5.750915750915750468e-01
3.632478632478632341e-01,5.750915750915750468e-01
3.632478632478632341e-01,5.769230769230768718e-01
3.638583638583638424e-01,5.769230769230768718e-01
3.638583638583638424e-01,5.787545787545788079e-01
3.656898656898656674e-01,5.787545787545788079e-01
3.669108669108668841e-01,5.787545787545788079e-01
3.669108669108668841e-01,5.805860805860806328e-01
3.681318681318681563e-01,5.805860805860806328e-01
3.681318681318681563e-01,5.824175824175824578e-01
3.705738705738705896e-01,5.824175824175824578e-01
3.705738705738705896e-01,5.842490842490842828e-01
3.711843711843711979e-01,5.842490842490842828e-01
3.711843711843711979e-01,5.860805860805861078e-01
3.742368742368742396e-01,5.860805860805861078e-01
3.742368742368742396e-01,5.879120879120879328e-01
3.760683760683760646e-01,5.879120879120879328e-01
3.760683760683760646e-01,5.897435897435897578e-01
3.772893772893772812e-01,5.897435897435897578e-01
3.772893772893772812e-01,5.970695970695970578e-01
3.797313797313797146e-01,5.970695970695970578e-01
3.797313797313797146e-01,5.989010989010988828e-01
3.809523809523809312e-01,5.989010989010988828e-01
3.809523809523809312e-01,6.007326007326007078e-01
3.840048840048840284e-01,6.007326007326007078e-01
3.840048840048840284e-01,6.025641025641025328e-01
3.852258852258852451e-01,6.025641025641025328e-01
3.852258852258852451e-01,6.043956043956043578e-01
3.858363858363858534e-01,6.043956043956043578e-01
3.858363858363858534e-01,6.062271062271061828e-01
3.870573870573870701e-01,6.062271062271061828e-01
3.870573870573870701e-01,6.098901098901099438e-01
3.913308913308913284e-01,6.098901098901099438e-01
3.913308913308913284e-01,6.117216117216117688e-01
3.943833943833943700e-01,6.117216117216117688e-01
3.943833943833943700e-01,6.135531135531135938e-01
4.004884004884005089e-01,6.135531135531135938e-01
4.004884004884005089e-01,6.153846153846154188e-01
4.010989010989011172e-01,6.153846153846154188e-01
4.010989010989011172e-01,6.172161172161172438e-01
4.029304029304029422e-01,6.172161172161172438e-01
4.029304029304029422e-01,6.190476190476190688e-01
4.041514041514041589e-01,6.190476190476190688e-01
4.041514041514041589e-01,6.245421245421245438e-01
4.047619047619047672e-01,6.245421245421245438e-01
4.047619047619047672e-01,6.263736263736263687e-01
4.053724053724053755e-01,6.263736263736263687e-01
4.053724053724053755e-01,6.282051282051281937e-01
4.065934065934065922e-01,6.282051282051281937e-01
4.065934065934065922e-01,6.300366300366300187e-01
4.096459096459096338e-01,6.300366300366300187e-01
4.096459096459096338e-01,6.336996336996336687e-01
4.120879120879120672e-01,6.336996336996336687e-01
4.120879120879120672e-01,6.391941391941391437e-01
4.133089133089132838e-01,6.391941391941391437e-01
4.133089133089132838e-01,6.410256410256410797e-01
4.139194139194138922e-01,6.410256410256410797e-01
4.139194139194138922e-01,6.428571428571429047e-01
4.175824175824175977e-01,6.428571428571429047e-01
4.175824175824175977e-01,6.446886446886447297e-01
4.181929181929182060e-01,6.446886446886447297e-01
4.181929181929182060e-01,6.465201465201465547e-01
4.188034188034188143e-01,6.465201465201465547e-01
4.188034188034188143e-01,6.483516483516483797e-01
4.249084249084248976e-01,6.483516483516483797e-01
4.249084249084248976e-01,6.501831501831502047e-01
4.334554334554334698e-01,6.501831501831502047e-01
4.334554334554334698e-01,6.538461538461538547e-01
4.352869352869352948e-01,6.538461538461538547e-01
4.352869352869352948e-01,6.556776556776556797e-01
4.371184371184371198e-01,6.556776556776556797e-01
4.371184371184371198e-01,6.575091575091575047e-01
4.383394383394383365e-01,6.575091575091575047e-01
4.383394383394383365e-01,6.593406593406593297e-01
4.444444444444444198e-01,6.593406593406593297e-01
4.444444444444444198e-01,6.611721611721611547e-01
4.456654456654456919e-01,6.611721611721611547e-01
4.456654456654456919e-01,6.630036630036629797e-01
4.481074481074481253e-01,6.630036630036629797e-01
4.493284493284493419e-01,6.630036630036629797e-01
4.499389499389499503e-01,6.630036630036629797e-01
4.499389499389499503e-01,6.648351648351648047e-01
4.511599511599511669e-01,6.648351648351648047e-01
4.511599511599511669e-01,6.666666666666666297e-01
4.554334554334554253e-01,6.666666666666666297e-01
4.554334554334554253e-01,6.684981684981684547e-01
4.560439560439560336e-01,6.684981684981684547e-01
4.560439560439560336e-01,6.703296703296702796e-01
4.566544566544566419e-01,6.703296703296702796e-01
4.566544566544566419e-01,6.721611721611722157e-01
4.615384615384615641e-01,6.721611721611722157e-01
4.615384615384615641e-01,6.739926739926740407e-01
4.633699633699633891e-01,6.739926739926740407e-01
4.633699633699633891e-01,6.758241758241758657e-01
4.664224664224664307e-01,6.758241758241758657e-01
4.664224664224664307e-01,6.776556776556776907e-01
4.670329670329670391e-01,6.776556776556776907e-01
4.670329670329670391e-01,6.813186813186813406e-01
4.676434676434676474e-01,6.813186813186813406e-01
4.676434676434676474e-01,6.849816849816849906e-01
4.749694749694749474e-01,6.849816849816849906e-01
4.749694749694749474e-01,6.868131868131868156e-01
4.761904761904761640e-01,6.868131868131868156e-01
4.761904761904761640e-01,6.886446886446886406e-01
4.768009768009768279e-01,6.886446886446886406e-01
4.768009768009768279e-01,6.904761904761904656e-01
4.822954822954823029e-01,6.904761904761904656e-01
4.822954822954823029e-01,6.923076923076922906e-01
4.835164835164835195e-01,6.923076923076922906e-01
4.835164835164835195e-01,6.941391941391941156e-01
4.841269841269841279e-01,6.941391941391941156e-01
4.841269841269841279e-01,6.959706959706959406e-01
4.847374847374847362e-01,6.959706959706959406e-01
4.847374847374847362e-01,6.978021978021977656e-01
4.896214896214896029e-01,6.978021978021977656e-01
4.896214896214896029e-01,6.996336996336995906e-01
4.908424908424908195e-01,6.996336996336995906e-01
4.908424908424908195e-01,7.014652014652014156e-01
4.957264957264957417e-01,7.014652014652014156e-01
4.957264957264957417e-01,7.051282051282051766e-01
4.993894993894993917e-01,7.051282051282051766e-01
4.993894993894993917e-01,7.069597069597070016e-01
5.000000000000000000e-01,7.069597069597070016e-01
5.000000000000000000e-01,7.087912087912088266e-01
5.061050061050060833e-01,7.087912087912088266e-01
5.061050061050060833e-01,7.106227106227106516e-01
5.067155067155066916e-01,7.106227106227106516e-01
5.067155067155066916e-01,7.124542124542124766e-01
5.079365079365079083e-01,7.124542124542124766e-01
5.079365079365079083e-01,7.142857142857143016e-01
5.097680097680097333e-01,7.142857142857143016e-01
5.097680097680097333e-01,7.161172161172161266e-01
5.170940170940171443e-01,7.161172161172161266e-01
5.170940170940171443e-01,7.179487179487179516e-01
5.177045177045177526e-01,7.179487179487179516e-01
5.177045177045177526e-01,7.197802197802197766e-01
5.213675213675214026e-01,7.197802197802197766e-01
5.213675213675214026e-01,7.216117216117216016e-01
5.231990231990232276e-01,7.216117216117216016e-01
5.231990231990232276e-01,7.234432234432234265e-01
5.262515262515262693e-01,7.234432234432234265e-01
5.262515262515262693e-01,7.252747252747252515e-01
5.286935286935287026e-01,7.252747252747252515e-01
5.286935286935287026e-01,7.271062271062270765e-01
5.305250305250305276e-01,7.271062271062270765e-01
5.305250305250305276e-01,7.289377289377289015e-01
5.329670329670329609e-01,7.289377289377289015e-01
5.329670329670329609e-01,7.307692307692307265e-01
5.366300366300366109e-01,7.307692307692307265e-01
5.366300366300366109e-01,7.326007326007325515e-01
5.372405372405372193e-01,7.326007326007325515e-01
5.372405372405372193e-01,7.344322344322344875e-01
5.402930402930402609e-01,7.344322344322344875e-01
5.402930402930402609e-01,7.362637362637363125e-01
5.409035409035408692e-01,7.362637362637363125e-01
5.409035409035408692e-01,7.380952380952381375e-01
5.415140415140414776e-01,7.380952380952381375e-01
5.415140415140414776e-01,7.399267399267399625e-01
5.439560439560439109e-01,7.399267399267399625e-01
5.439560439560439109e-01,7.417582417582417875e-01
5.476190476190476719e-01,7.417582417582417875e-01
5.476190476190476719e-01,7.435897435897436125e-01
5.512820512820513219e-01,7.435897435897436125e-01
5.512820512820513219e-01,7.454212454212454375e-01
5.616605616605616635e-01,7.454212454212454375e-01
5.616605616605616635e-01,7.490842490842490875e-01
5.641025641025640969e-01,7.490842490842490875e-01
5.641025641025640969e-01,7.509157509157509125e-01
5.689865689865689635e-01,7.509157509157509125e-01
5.689865689865689635e-01,7.527472527472527375e-01
5.695970695970695719e-01,7.527472527472527375e-01
5.695970695970695719e-01,7.545787545787545625e-01
5.744810744810744385e-01,7.545787545787545625e-01
5.744810744810744385e-01,7.564102564102563875e-01
5.781440781440781995e-01,7.564102564102563875e-01
5.781440781440781995e-01,7.600732600732600375e-01
5.805860805860806328e-01,7.600732600732600375e-01
5.805860805860806328e-01,7.619047619047618625e-01
5.818070818070818495e-01,7.619047619047618625e-01
5.818070818070818495e-01,7.637362637362636875e-01
5.848595848595848912e-01,7.637362637362636875e-01
5.848595848595848912e-01,7.655677655677655125e-01
5.866910866910867162e-01,7.655677655677655125e-01
5.866910866910867162e-01,7.673992673992674485e-01
5.915750915750915828e-01,7.673992673992674485e-01
5.915750915750915828e-01,7.692307692307692735e-01
5.946275946275946245e-01,7.692307692307692735e-01
5.946275946275946245e-01,7.728937728937729235e-01
6.001221001221000995e-01,7.728937728937729235e-01
6.001221001221000995e-01,7.747252747252747485e-01
6.019536019536019245e-01,7.747252747252747485e-01
6.019536019536019245e-01,7.783882783882783984e-01
6.043956043956043578e-01,7.783882783882783984e-01
6.043956043956043578e-01,7.802197802197802234e-01
6.050061050061049661e-01,7.802197802197802234e-01
6.050061050061049661e-01,7.820512820512820484e-01
6.068376068376067911e-01,7.820512820512820484e-01
6.068376068376067911e-01,7.875457875457875234e-01
6.105006105006105521e-01,7.875457875457875234e-01
6.105006105006105521e-01,7.893772893772893484e-01
6.184371184371184604e-01,7.893772893772893484e-01
6.184371184371184604e-01,7.912087912087911734e-01
6.214896214896215021e-01,7.912087912087911734e-01
6.214896214896215021e-01,7.948717948717948234e-01
6.263736263736263687e-01,7.948717948717948234e-01
6.263736263736263687e-01,7.967032967032966484e-01
6.275946275946275854e-01,7.967032967032966484e-01
6.275946275946275854e-01,7.985347985347985844e-01
6.367521367521367104e-01,7.985347985347985844e-01
6.367521367521367104e-01,8.003663003663004094e-01
6.391941391941391437e-01,8.003663003663004094e-01
6.391941391941391437e-01,8.021978021978022344e-01
6.434676434676435131e-01,8.021978021978022344e-01
6.434676434676435131e-01,8.058608058608058844e-01
6.489621489621489880e-01,8.058608058608058844e-01
6.489621489621489880e-01,8.095238095238095344e-01
6.514041514041514214e-01,8.095238095238095344e-01
6.514041514041514214e-01,8.113553113553113594e-01
6.520146520146520297e-01,8.113553113553113594e-01
6.520146520146520297e-01,8.131868131868131844e-01
6.556776556776556797e-01,8.131868131868131844e-01
6.556776556776556797e-01,8.168498168498168344e-01
6.568986568986568964e-01,8.168498168498168344e-01
6.568986568986568964e-01,8.205128205128204844e-01
6.630036630036629797e-01,8.205128205128204844e-01
6.630036630036629797e-01,8.223443223443223093e-01
6.642246642246641963e-01,8.223443223443223093e-01
6.642246642246641963e-01,8.260073260073259593e-01
6.672771672771672380e-01,8.260073260073259593e-01
6.672771672771672380e-01,8.278388278388277843e-01
6.678876678876678463e-01,8.278388278388277843e-01
6.678876678876678463e-01,8.296703296703297204e-01
6.684981684981684547e-01,8.296703296703297204e-01
6.684981684981684547e-01,8.315018315018315453e-01
6.721611721611722157e-01,8.315018315018315453e-01
6.721611721611722157e-01,8.333333333333333703e-01
6.733821733821734323e-01,8.333333333333333703e-01
6.733821733821734323e-01,8.388278388278388453e-01
6.746031746031746490e-01,8.388278388278388453e-01
6.770451770451770823e-01,8.388278388278388453e-01
6.776556776556776907e-01,8.388278388278388453e-01
6.776556776556776907e-01,8.406593406593406703e-01
6.807081807081807323e-01,8.406593406593406703e-01
6.807081807081807323e-01,8.443223443223443203e-01
6.819291819291819490e-01,8.443223443223443203e-01
6.819291819291819490e-01,8.479853479853479703e-01
6.831501831501831656e-01,8.479853479853479703e-01
6.831501831501831656e-01,8.498168498168497953e-01
6.837606837606837740e-01,8.498168498168497953e-01
6.849816849816849906e-01,8.498168498168497953e-01
6.849816849816849906e-01,8.534798534798534453e-01
6.855921855921855990e-01,8.534798534798534453e-01
6.855921855921855990e-01,8.553113553113552703e-01
6.868131868131868156e-01,8.553113553113552703e-01
6.904761904761904656e-01,8.553113553113552703e-01
6.904761904761904656e-01,8.571428571428570953e-01
6.910866910866910739e-01,8.571428571428570953e-01
6.910866910866910739e-01,8.589743589743589203e-01
6.990231990231989823e-01,8.589743589743589203e-01
6.990231990231989823e-01,8.626373626373626813e-01
6.996336996336995906e-01,8.626373626373626813e-01
6.996336996336995906e-01,8.644688644688645063e-01
7.014652014652014156e-01,8.644688644688645063e-01
7.014652014652014156e-01,8.663003663003663313e-01
7.020757020757020239e-01,8.663003663003663313e-01
7.020757020757020239e-01,8.681318681318681563e-01
7.075702075702076099e-01,8.681318681318681563e-01
7.075702075702076099e-01,8.699633699633699813e-01
7.100122100122100433e-01,8.699633699633699813e-01
7.100122100122100433e-01,8.717948717948718063e-01
7.118437118437118682e-01,8.717948717948718063e-01
7.118437118437118682e-01,8.736263736263736313e-01
7.252747252747252515e-01,8.736263736263736313e-01
7.252747252747252515e-01,8.754578754578754562e-01
7.258852258852258599e-01,8.754578754578754562e-01
7.258852258852258599e-01,8.772893772893772812e-01
7.277167277167276849e-01,8.772893772893772812e-01
7.277167277167276849e-01,8.791208791208791062e-01
7.332112332112331599e-01,8.791208791208791062e-01
7.332112332112331599e-01,8.809523809523809312e-01
7.368742368742369209e-01,8.809523809523809312e-01
7.368742368742369209e-01,8.827838827838827562e-01
7.411477411477411792e-01,8.827838827838827562e-01
7.411477411477411792e-01,8.846153846153845812e-01
7.442002442002442208e-01,8.846153846153845812e-01
7.442002442002442208e-01,8.864468864468864062e-01
7.460317460317460458e-01,8.864468864468864062e-01
7.460317460317460458e-01,8.882783882783882312e-01
7.466422466422466542e-01,8.882783882783882312e-01
7.466422466422466542e-01,8.901098901098900562e-01
7.484737484737484792e-01,8.901098901098900562e-01
7.484737484737484792e-01,8.919413919413919922e-01
7.490842490842490875e-01,8.919413919413919922e-01
7.490842490842490875e-01,8.937728937728938172e-01
7.533577533577533458e-01,8.937728937728938172e-01
7.533577533577533458e-01,8.956043956043956422e-01
7.551892551892551708e-01,8.956043956043956422e-01
7.551892551892551708e-01,8.992673992673992922e-01
7.582417582417582125e-01,8.992673992673992922e-01
7.582417582417582125e-01,9.029304029304029422e-01
7.600732600732600375e-01,9.029304029304029422e-01
7.600732600732600375e-01,9.065934065934065922e-01
7.612942612942612541e-01,9.065934065934065922e-01
7.612942612942612541e-01,9.084249084249084172e-01
7.619047619047618625e-01,9.084249084249084172e-01
7.619047619047618625e-01,9.102564102564102422e-01
7.643467643467642958e-01,9.102564102564102422e-01
7.643467643467642958e-01,9.120879120879120672e-01
7.649572649572649041e-01,9.120879120879120672e-01
7.649572649572649041e-01,9.139194139194138922e-01
7.698412698412698818e-01,9.139194139194138922e-01
7.698412698412698818e-01,9.157509157509157172e-01
7.704517704517704901e-01,9.157509157509157172e-01
7.704517704517704901e-01,9.175824175824175422e-01
7.722832722832723151e-01,9.175824175824175422e-01
7.722832722832723151e-01,9.194139194139193672e-01
7.741147741147741401e-01,9.194139194139193672e-01
7.741147741147741401e-01,9.230769230769231282e-01
7.765567765567765735e-01,9.230769230769231282e-01
7.765567765567765735e-01,9.249084249084249532e-01
7.789987789987790068e-01,9.249084249084249532e-01
7.789987789987790068e-01,9.267399267399267782e-01
7.814407814407814401e-01,9.267399267399267782e-01
7.814407814407814401e-01,9.285714285714286031e-01
7.863247863247863068e-01,9.285714285714286031e-01
7.863247863247863068e-01,9.304029304029304281e-01
7.875457875457875234e-01,9.304029304029304281e-01
7.875457875457875234e-01,9.322344322344322531e-01
7.887667887667887401e-01,9.322344322344322531e-01
7.887667887667887401e-01,9.340659340659340781e-01
7.936507936507936067e-01,9.340659340659340781e-01
7.936507936507936067e-01,9.358974358974359031e-01
7.942612942612942151e-01,9.358974358974359031e-01
7.942612942612942151e-01,9.377289377289377281e-01
8.009768009768010177e-01,9.377289377289377281e-01
8.009768009768010177e-01,9.395604395604395531e-01
8.046398046398046677e-01,9.395604395604395531e-01
8.046398046398046677e-01,9.413919413919413781e-01
8.052503052503052761e-01,9.413919413919413781e-01
8.052503052503052761e-01,9.432234432234432031e-01
8.058608058608058844e-01,9.432234432234432031e-01
8.058608058608058844e-01,9.450549450549450281e-01
8.095238095238095344e-01,9.450549450549450281e-01
8.095238095238095344e-01,9.487179487179486781e-01
8.144078144078144010e-01,9.487179487179486781e-01
8.144078144078144010e-01,9.505494505494505031e-01
8.156288156288156177e-01,9.505494505494505031e-01
8.156288156288156177e-01,9.523809523809523281e-01
8.168498168498168344e-01,9.523809523809523281e-01
8.168498168498168344e-01,9.542124542124542641e-01
8.174603174603174427e-01,9.542124542124542641e-01
8.174603174603174427e-01,9.560439560439560891e-01
8.217338217338217010e-01,9.560439560439560891e-01
8.217338217338217010e-01,9.578754578754579141e-01
8.272283272283271760e-01,9.578754578754579141e-01
8.272283272283271760e-01,9.597069597069597391e-01
8.437118437118437120e-01,9.597069597069597391e-01
8.437118437118437120e-01,9.615384615384615641e-01
8.455433455433455370e-01,9.615384615384615641e-01
8.455433455433455370e-01,9.633699633699633891e-01
8.461538461538461453e-01,9.633699633699633891e-01
8.461538461538461453e-01,9.652014652014652141e-01
8.467643467643467536e-01,9.652014652014652141e-01
8.467643467643467536e-01,9.670329670329670391e-01
8.547008547008546619e-01,9.670329670329670391e-01
8.547008547008546619e-01,9.688644688644688641e-01
8.571428571428570953e-01,9.688644688644688641e-01
8.571428571428570953e-01,9.706959706959706891e-01
8.608058608058608563e-01,9.706959706959706891e-01
8.620268620268620730e-01,9.706959706959706891e-01
8.650793650793651146e-01,9.706959706959706891e-01
8.650793650793651146e-01,9.725274725274725141e-01
8.669108669108669396e-01,9.725274725274725141e-01
8.669108669108669396e-01,9.743589743589743390e-01
8.687423687423687646e-01,9.743589743589743390e-01
8.687423687423687646e-01,9.761904761904761640e-01
8.693528693528693729e-01,9.761904761904761640e-01
8.693528693528693729e-01,9.780219780219779890e-01
8.711843711843711979e-01,9.780219780219779890e-01
8.711843711843711979e-01,9.798534798534798140e-01
8.778998778998778896e-01,9.798534798534798140e-01
8.778998778998778896e-01,9.816849816849816390e-01
8.785103785103784979e-01,9.816849816849816390e-01
8.785103785103784979e-01,9.853479853479854000e-01
8.797313797313797146e-01,9.853479853479854000e-01
8.797313797313797146e-01,9.890109890109890500e-01
8.815628815628815396e-01,9.890109890109890500e-01
8.815628815628815396e-01,9.908424908424908750e-01
8.913308913308913839e-01,9.908424908424908750e-01
8.913308913308913839e-01,9.926739926739927000e-01
9.004884004884005089e-01,9.926739926739927000e-01
9.004884004884005089e-01,9.945054945054945250e-01
9.218559218559218005e-01,9.945054945054945250e-01
9.218559218559218005e-01,9.981684981684981750e-01
9.499389499389498948e-01,9.981684981684981750e-01
9.499389499389498948e-01,1.000000000000000000e+00
9.682539682539682557e-01,1.000000000000000000e+00
9.694749694749694724e-01,1.000000000000000000e+00
1.000000000000000000e+00,1.000000000000000000e+00
