FPR,TPR
0.000000000000000000e+00,0.000000000000000000e+00
0.000000000000000000e+00,1.183431952662721909e-03
0.000000000000000000e+00,3.550295857988165511e-03
3.944773175542406183e-04,3.550295857988165511e-03
3.944773175542406183e-04,7.100591715976331021e-03
1.183431952662721909e-03,7.100591715976331021e-03
1.183431952662721909e-03,1.301775147928994035e-02
1.577909270216962473e-03,1.301775147928994035e-02
1.577909270216962473e-03,1.656804733727810716e-02
1.972386587771203254e-03,1.656804733727810716e-02
1.972386587771203254e-03,1.893491124260355055e-02
2.366863905325443818e-03,1.893491124260355055e-02
2.366863905325443818e-03,2.248520710059171562e-02
2.761341222879684382e-03,2.248520710059171562e-02
2.761341222879684382e-03,2.366863905325443732e-02
3.155818540433924946e-03,2.366863905325443732e-02
3.155818540433924946e-03,2.721893491124260239e-02
3.944773175542406508e-03,2.721893491124260239e-02
3.944773175542406508e-03,2.840236686390532408e-02
4.339250493096647072e-03,2.840236686390532408e-02
4.339250493096647072e-03,3.076923076923077094e-02
5.128205128205128201e-03,3.076923076923077094e-02
5.128205128205128201e-03,3.313609467455621432e-02
5.522682445759368765e-03,3.313609467455621432e-02
5.522682445759368765e-03,3.668639053254437593e-02
6.706114398422090457e-03,3.668639053254437593e-02
6.706114398422090457e-03,3.786982248520710109e-02
7.100591715976331021e-03,3.786982248520710109e-02
7.100591715976331021e-03,4.023668639053254448e-02
7.495069033530571585e-03,4.023668639053254448e-02
7.495069033530571585e-03,4.260355029585798786e-02
7.889546351084813017e-03,4.260355029585798786e-02
7.889546351084813017e-03,4.378698224852071302e-02
8.284023668639053581e-03,4.378698224852071302e-02
8.284023668639053581e-03,4.615384615384615641e-02
9.467455621301775273e-03,4.615384615384615641e-02
9.467455621301775273e-03,5.088757396449704318e-02
9.861932938856015837e-03,5.088757396449704318e-02
9.861932938856015837e-03,5.207100591715976140e-02
1.025641025641025640e-02,5.207100591715976140e-02
1.025641025641025640e-02,5.325443786982248656e-02
1.104536489151873753e-02,5.325443786982248656e-02
1.104536489151873753e-02,5.917159763313609155e-02
1.143984220907297809e-02,5.917159763313609155e-02
1.143984220907297809e-02,6.272189349112426704e-02
1.262327416173569979e-02,6.272189349112426704e-02
1.262327416173569979e-02,6.508875739644970349e-02
1.459566074950690261e-02,6.508875739644970349e-02
1.459566074950690261e-02,6.627218934911242865e-02
1.499013806706114317e-02,6.627218934911242865e-02
1.499013806706114317e-02,6.863905325443786509e-02
1.656804733727810716e-02,6.863905325443786509e-02
1.656804733727810716e-02,7.100591715976331542e-02
1.775147928994082885e-02,7.100591715976331542e-02
1.775147928994082885e-02,7.573964497041420219e-02
1.814595660749506942e-02,7.573964497041420219e-02
1.814595660749506942e-02,7.692307692307692735e-02
1.854043392504930998e-02,7.692307692307692735e-02
1.854043392504930998e-02,7.810650887573963863e-02
1.932938856015779111e-02,7.810650887573963863e-02
1.932938856015779111e-02,8.402366863905325056e-02
2.011834319526627224e-02,8.402366863905325056e-02
2.011834319526627224e-02,8.520710059171597572e-02
2.090729783037475337e-02,8.520710059171597572e-02
2.130177514792899393e-02,8.520710059171597572e-02
2.130177514792899393e-02,8.757396449704142605e-02
2.287968441814595619e-02,8.757396449704142605e-02
2.287968441814595619e-02,8.875739644970413733e-02
2.327416173570019675e-02,8.875739644970413733e-02
2.327416173570019675e-02,9.112426035502958765e-02
2.445759368836291844e-02,9.112426035502958765e-02
2.445759368836291844e-02,9.585798816568047442e-02
2.524654832347139957e-02,9.585798816568047442e-02
2.524654832347139957e-02,9.704142011834319959e-02
2.682445759368836183e-02,9.704142011834319959e-02
2.682445759368836183e-02,1.017751479289940864e-01
2.761341222879684296e-02,1.017751479289940864e-01
2.761341222879684296e-02,1.041420118343195228e-01
2.800788954635108352e-02,1.041420118343195228e-01
2.800788954635108352e-02,1.053254437869822480e-01
2.840236686390532408e-02,1.053254437869822480e-01
2.840236686390532408e-02,1.065088757396449731e-01
2.879684418145956465e-02,1.065088757396449731e-01
2.879684418145956465e-02,1.076923076923076983e-01
2.919132149901380521e-02,1.076923076923076983e-01
2.919132149901380521e-02,1.088757396449704096e-01
3.116370808678501150e-02,1.088757396449704096e-01
3.116370808678501150e-02,1.100591715976331347e-01
3.155818540433925207e-02,1.100591715976331347e-01
3.155818540433925207e-02,1.147928994082840215e-01
3.234714003944773320e-02,1.147928994082840215e-01
3.234714003944773320e-02,1.171597633136094718e-01
3.274161735700197029e-02,1.171597633136094718e-01
3.274161735700197029e-02,1.195266272189349083e-01
3.353057199211045142e-02,1.195266272189349083e-01
3.353057199211045142e-02,1.207100591715976334e-01
3.431952662721893255e-02,1.207100591715976334e-01
3.431952662721893255e-02,1.242603550295857950e-01
3.471400394477317658e-02,1.242603550295857950e-01
3.471400394477317658e-02,1.278106508875739566e-01
3.510848126232741367e-02,1.278106508875739566e-01
3.510848126232741367e-02,1.289940828402366957e-01
3.629191321499013884e-02,1.289940828402366957e-01
3.629191321499013884e-02,1.301775147928994070e-01
3.747534516765285706e-02,1.301775147928994070e-01
3.747534516765285706e-02,1.313609467455621183e-01
3.865877712031558222e-02,1.313609467455621183e-01
3.865877712031558222e-02,1.372781065088757302e-01
3.905325443786981932e-02,1.372781065088757302e-01
3.905325443786981932e-02,1.384615384615384692e-01
3.944773175542406335e-02,1.384615384615384692e-01
3.944773175542406335e-02,1.396449704142011805e-01
4.063116370808678157e-02,1.396449704142011805e-01
4.063116370808678157e-02,1.408284023668638918e-01
4.142011834319526964e-02,1.408284023668638918e-01
4.142011834319526964e-02,1.420118343195266308e-01
4.181459566074950673e-02,1.420118343195266308e-01
4.181459566074950673e-02,1.455621301775147924e-01
4.220907297830375077e-02,1.455621301775147924e-01
4.220907297830375077e-02,1.467455621301775037e-01
4.654832347140039350e-02,1.467455621301775037e-01
4.654832347140039350e-02,1.502958579881656931e-01
4.733727810650887463e-02,1.502958579881656931e-01
4.733727810650887463e-02,1.514792899408284044e-01
5.049309664694279914e-02,1.514792899408284044e-01
5.049309664694279914e-02,1.526627218934911157e-01
5.128205128205128027e-02,1.526627218934911157e-01
5.128205128205128027e-02,1.538461538461538547e-01
5.246548323471400543e-02,1.538461538461538547e-01
5.246548323471400543e-02,1.573964497041420163e-01
5.364891518737672366e-02,1.573964497041420163e-01
5.364891518737672366e-02,1.585798816568047276e-01
5.483234714003944882e-02,1.585798816568047276e-01
5.483234714003944882e-02,1.597633136094674666e-01
5.601577909270216704e-02,1.597633136094674666e-01
5.601577909270216704e-02,1.644970414201183395e-01
5.719921104536489220e-02,1.644970414201183395e-01
5.719921104536489220e-02,1.656804733727810786e-01
5.798816568047337333e-02,1.656804733727810786e-01
5.798816568047337333e-02,1.668639053254437898e-01
5.838264299802761043e-02,1.668639053254437898e-01
5.838264299802761043e-02,1.680473372781065011e-01
6.074950690335305381e-02,1.680473372781065011e-01
6.074950690335305381e-02,1.692307692307692402e-01
6.193293885601577897e-02,1.692307692307692402e-01
6.193293885601577897e-02,1.704142011834319514e-01
6.272189349112426704e-02,1.704142011834319514e-01
6.272189349112426704e-02,1.715976331360946627e-01
6.311637080867850413e-02,1.715976331360946627e-01
6.311637080867850413e-02,1.739644970414201131e-01
6.390532544378697832e-02,1.739644970414201131e-01
6.390532544378697832e-02,1.775147928994082747e-01
6.548323471400394058e-02,1.775147928994082747e-01
6.548323471400394058e-02,1.786982248520710137e-01
6.627218934911242865e-02,1.786982248520710137e-01
6.627218934911242865e-02,1.798816568047337250e-01
6.666666666666666574e-02,1.798816568047337250e-01
6.666666666666666574e-02,1.810650887573964363e-01
6.785009861932939090e-02,1.810650887573964363e-01
6.785009861932939090e-02,1.834319526627218866e-01
7.061143984220907832e-02,1.834319526627218866e-01
7.061143984220907832e-02,1.846153846153846256e-01
7.297830374753451477e-02,1.846153846153846256e-01
7.297830374753451477e-02,1.857988165680473369e-01
7.534516765285996509e-02,1.857988165680473369e-01
7.534516765285996509e-02,1.869822485207100482e-01
7.573964497041420219e-02,1.869822485207100482e-01
7.573964497041420219e-02,1.881656804733727872e-01
7.652859960552267637e-02,1.881656804733727872e-01
7.652859960552267637e-02,1.893491124260354985e-01
7.692307692307692735e-02,1.893491124260354985e-01
7.692307692307692735e-02,1.905325443786982376e-01
7.771203155818540154e-02,1.905325443786982376e-01
7.771203155818540154e-02,1.917159763313609488e-01
7.968441814595660089e-02,1.917159763313609488e-01
7.968441814595660089e-02,1.952662721893491105e-01
8.284023668639053928e-02,1.952662721893491105e-01
8.284023668639053928e-02,1.976331360946745608e-01
8.323471400394477637e-02,1.976331360946745608e-01
8.323471400394477637e-02,2.011834319526627224e-01
8.481262327416173863e-02,2.011834319526627224e-01
8.481262327416173863e-02,2.035502958579881727e-01
8.560157790927021282e-02,2.035502958579881727e-01
8.560157790927021282e-02,2.047337278106508840e-01
8.599605522682446379e-02,2.047337278106508840e-01
8.599605522682446379e-02,2.082840236686390456e-01
8.678500986193293798e-02,2.082840236686390456e-01
8.678500986193293798e-02,2.094674556213017846e-01
8.757396449704142605e-02,2.094674556213017846e-01
8.757396449704142605e-02,2.106508875739644959e-01
8.875739644970413733e-02,2.106508875739644959e-01
8.875739644970413733e-02,2.130177514792899462e-01
8.954635108481262540e-02,2.130177514792899462e-01
8.954635108481262540e-02,2.142011834319526575e-01
9.033530571992109959e-02,2.142011834319526575e-01
9.033530571992109959e-02,2.153846153846153966e-01
9.072978303747535056e-02,2.153846153846153966e-01
9.072978303747535056e-02,2.177514792899408191e-01
9.191321499013806184e-02,2.177514792899408191e-01
9.191321499013806184e-02,2.189349112426035582e-01
9.270216962524654991e-02,2.189349112426035582e-01
9.270216962524654991e-02,2.213017751479289807e-01
9.546351084812623733e-02,2.213017751479289807e-01
9.546351084812623733e-02,2.224852071005917198e-01
9.585798816568047442e-02,2.224852071005917198e-01
9.585798816568047442e-02,2.248520710059171701e-01
9.664694280078894861e-02,2.248520710059171701e-01
9.743589743589743668e-02,2.248520710059171701e-01
9.861932938856016184e-02,2.248520710059171701e-01
9.861932938856016184e-02,2.260355029585798814e-01
9.901380670611439894e-02,2.260355029585798814e-01
9.901380670611439894e-02,2.272189349112425927e-01
1.001972386587771241e-01,2.272189349112425927e-01
1.001972386587771241e-01,2.284023668639053317e-01
1.009861932938855983e-01,2.284023668639053317e-01
1.009861932938855983e-01,2.295857988165680430e-01
1.013806706114398354e-01,2.295857988165680430e-01
1.013806706114398354e-01,2.319526627218934933e-01
1.021696252465483234e-01,2.319526627218934933e-01
1.021696252465483234e-01,2.343195266272189436e-01
1.033530571992110486e-01,2.343195266272189436e-01
1.033530571992110486e-01,2.355029585798816549e-01
1.045364891518737738e-01,2.355029585798816549e-01
1.045364891518737738e-01,2.366863905325443662e-01
1.053254437869822480e-01,2.366863905325443662e-01
1.053254437869822480e-01,2.378698224852071053e-01
1.057199211045364851e-01,2.378698224852071053e-01
1.057199211045364851e-01,2.390532544378698165e-01
1.061143984220907360e-01,2.390532544378698165e-01
1.061143984220907360e-01,2.437869822485207172e-01
1.069033530571992102e-01,2.437869822485207172e-01
1.069033530571992102e-01,2.449704142011834285e-01
1.092702169625246605e-01,2.449704142011834285e-01
1.092702169625246605e-01,2.461538461538461675e-01
1.104536489151873718e-01,2.461538461538461675e-01
1.104536489151873718e-01,2.473372781065088788e-01
1.116370808678500970e-01,2.473372781065088788e-01
1.116370808678500970e-01,2.485207100591715901e-01
1.120315581854043341e-01,2.485207100591715901e-01
1.120315581854043341e-01,2.508875739644970682e-01
1.151873767258382586e-01,2.508875739644970682e-01
1.151873767258382586e-01,2.532544378698224907e-01
1.163708086785009838e-01,2.532544378698224907e-01
1.163708086785009838e-01,2.544378698224852298e-01
1.167652859960552209e-01,2.544378698224852298e-01
1.167652859960552209e-01,2.556213017751479133e-01
1.171597633136094718e-01,2.556213017751479133e-01
1.171597633136094718e-01,2.568047337278106523e-01
1.175542406311637089e-01,2.568047337278106523e-01
1.175542406311637089e-01,2.579881656804733914e-01
1.179487179487179460e-01,2.579881656804733914e-01
1.179487179487179460e-01,2.591715976331360749e-01
1.191321499013806712e-01,2.591715976331360749e-01
1.191321499013806712e-01,2.603550295857988139e-01
1.199211045364891454e-01,2.603550295857988139e-01
1.199211045364891454e-01,2.615384615384615530e-01
1.203155818540433963e-01,2.615384615384615530e-01
1.203155818540433963e-01,2.627218934911242365e-01
1.211045364891518705e-01,2.627218934911242365e-01
1.211045364891518705e-01,2.639053254437869755e-01
1.218934911242603586e-01,2.639053254437869755e-01
1.218934911242603586e-01,2.650887573964497146e-01
1.230769230769230838e-01,2.650887573964497146e-01
1.230769230769230838e-01,2.662721893491124536e-01
1.258382642998027712e-01,2.662721893491124536e-01
1.258382642998027712e-01,2.674556213017751372e-01
1.270216962524654825e-01,2.674556213017751372e-01
1.270216962524654825e-01,2.710059171597632988e-01
1.278106508875739566e-01,2.710059171597632988e-01
1.278106508875739566e-01,2.733727810650887768e-01
1.282051282051281937e-01,2.733727810650887768e-01
1.282051282051281937e-01,2.745562130177514604e-01
1.285996055226824586e-01,2.745562130177514604e-01
1.285996055226824586e-01,2.769230769230769384e-01
1.293885601577909328e-01,2.769230769230769384e-01
1.293885601577909328e-01,2.781065088757396220e-01
1.297830374753451699e-01,2.781065088757396220e-01
1.297830374753451699e-01,2.792899408284023610e-01
1.301775147928994070e-01,2.792899408284023610e-01
1.301775147928994070e-01,2.804733727810651001e-01
1.305719921104536441e-01,2.804733727810651001e-01
1.305719921104536441e-01,2.828402366863905226e-01
1.313609467455621183e-01,2.828402366863905226e-01
1.313609467455621183e-01,2.840236686390532617e-01
1.325443786982248573e-01,2.840236686390532617e-01
1.325443786982248573e-01,2.852071005917160007e-01
1.337278106508875686e-01,2.852071005917160007e-01
1.337278106508875686e-01,2.875739644970414233e-01
1.345167652859960428e-01,2.875739644970414233e-01
1.345167652859960428e-01,2.899408284023668458e-01
1.353057199211045447e-01,2.899408284023668458e-01
1.353057199211045447e-01,2.923076923076923239e-01
1.368836291913214931e-01,2.923076923076923239e-01
1.368836291913214931e-01,2.934911242603550074e-01
1.384615384615384692e-01,2.934911242603550074e-01
1.384615384615384692e-01,2.946745562130177465e-01
1.396449704142011805e-01,2.946745562130177465e-01
1.396449704142011805e-01,3.005917159763313862e-01
1.404339250493096547e-01,3.005917159763313862e-01
1.404339250493096547e-01,3.017751479289940697e-01
1.412228796844181566e-01,3.017751479289940697e-01
1.412228796844181566e-01,3.076923076923077094e-01
1.420118343195266308e-01,3.076923076923077094e-01
1.420118343195266308e-01,3.088757396449703929e-01
1.428007889546351050e-01,3.088757396449703929e-01
1.428007889546351050e-01,3.112426035502958710e-01
1.451676528599605553e-01,3.112426035502958710e-01
1.451676528599605553e-01,3.124260355029585545e-01
1.455621301775147924e-01,3.124260355029585545e-01
1.455621301775147924e-01,3.136094674556212936e-01
1.506903353057199302e-01,3.136094674556212936e-01
1.506903353057199302e-01,3.159763313609467716e-01
1.534516765285996176e-01,3.159763313609467716e-01
1.534516765285996176e-01,3.171597633136094552e-01
1.546351084812623289e-01,3.171597633136094552e-01
1.546351084812623289e-01,3.183431952662721942e-01
1.554240631163708031e-01,3.183431952662721942e-01
1.554240631163708031e-01,3.218934911242603558e-01
1.562130177514792773e-01,3.218934911242603558e-01
1.562130177514792773e-01,3.230769230769230949e-01
1.566074950690335421e-01,3.230769230769230949e-01
1.566074950690335421e-01,3.289940828402366790e-01
1.609467455621301779e-01,3.289940828402366790e-01
1.609467455621301779e-01,3.313609467455621571e-01
1.613412228796844150e-01,3.313609467455621571e-01
1.613412228796844150e-01,3.325443786982248406e-01
1.633136094674556282e-01,3.325443786982248406e-01
1.633136094674556282e-01,3.337278106508875797e-01
1.637080867850098653e-01,3.337278106508875797e-01
1.637080867850098653e-01,3.349112426035503187e-01
1.641025641025641024e-01,3.349112426035503187e-01
1.641025641025641024e-01,3.384615384615384803e-01
1.656804733727810786e-01,3.384615384615384803e-01
1.656804733727810786e-01,3.396449704142011639e-01
1.668639053254437898e-01,3.396449704142011639e-01
1.668639053254437898e-01,3.420118343195266419e-01
1.676528599605522640e-01,3.420118343195266419e-01
1.676528599605522640e-01,3.431952662721893255e-01
1.688362919132150031e-01,3.431952662721893255e-01
1.688362919132150031e-01,3.467455621301774871e-01
1.696252465483234773e-01,3.467455621301774871e-01
1.696252465483234773e-01,3.479289940828402261e-01
1.700197238658777144e-01,3.479289940828402261e-01
1.700197238658777144e-01,3.491124260355029651e-01
1.708086785009861885e-01,3.491124260355029651e-01
1.708086785009861885e-01,3.514792899408283877e-01
1.712031558185404256e-01,3.514792899408283877e-01
1.712031558185404256e-01,3.526627218934911268e-01
1.719921104536489276e-01,3.526627218934911268e-01
1.719921104536489276e-01,3.538461538461538658e-01
1.731755424063116389e-01,3.538461538461538658e-01
1.731755424063116389e-01,3.550295857988165493e-01
1.771203155818540376e-01,3.550295857988165493e-01
1.771203155818540376e-01,3.585798816568047109e-01
1.775147928994082747e-01,3.585798816568047109e-01
1.775147928994082747e-01,3.597633136094674500e-01
1.779092702169625118e-01,3.597633136094674500e-01
1.779092702169625118e-01,3.633136094674556116e-01
1.790927021696252508e-01,3.633136094674556116e-01
1.790927021696252508e-01,3.656804733727810897e-01
1.802761341222879621e-01,3.656804733727810897e-01
1.802761341222879621e-01,3.668639053254437732e-01
1.810650887573964363e-01,3.668639053254437732e-01
1.810650887573964363e-01,3.692307692307692513e-01
1.814595660749507011e-01,3.692307692307692513e-01
1.814595660749507011e-01,3.704142011834319348e-01
1.822485207100591753e-01,3.704142011834319348e-01
1.822485207100591753e-01,3.715976331360946738e-01
1.830374753451676495e-01,3.715976331360946738e-01
1.830374753451676495e-01,3.751479289940828354e-01
1.857988165680473369e-01,3.751479289940828354e-01
1.857988165680473369e-01,3.763313609467455745e-01
1.861932938856015740e-01,3.763313609467455745e-01
1.861932938856015740e-01,3.775147928994082580e-01
1.877712031558185501e-01,3.775147928994082580e-01
1.877712031558185501e-01,3.786982248520709970e-01
1.881656804733727872e-01,3.786982248520709970e-01
1.881656804733727872e-01,3.810650887573964751e-01
1.889546351084812614e-01,3.810650887573964751e-01
1.889546351084812614e-01,3.834319526627218977e-01
1.905325443786982376e-01,3.834319526627218977e-01
1.905325443786982376e-01,3.846153846153846367e-01
1.925049309664694230e-01,3.846153846153846367e-01
1.925049309664694230e-01,3.857988165680473203e-01
1.948717948717948734e-01,3.857988165680473203e-01
1.948717948717948734e-01,3.893491124260354819e-01
1.956607495069033475e-01,3.893491124260354819e-01
1.956607495069033475e-01,3.917159763313609599e-01
1.968441814595660866e-01,3.917159763313609599e-01
1.968441814595660866e-01,3.940828402366863825e-01
1.976331360946745608e-01,3.940828402366863825e-01
1.976331360946745608e-01,3.952662721893491216e-01
1.992110453648915092e-01,3.952662721893491216e-01
1.992110453648915092e-01,3.976331360946745441e-01
1.996055226824457463e-01,3.976331360946745441e-01
1.996055226824457463e-01,3.988165680473372832e-01
2.007889546351084853e-01,3.988165680473372832e-01
2.007889546351084853e-01,4.000000000000000222e-01
2.011834319526627224e-01,4.000000000000000222e-01
2.019723865877711966e-01,4.000000000000000222e-01
2.019723865877711966e-01,4.023668639053254448e-01
2.027613412228796708e-01,4.023668639053254448e-01
2.027613412228796708e-01,4.047337278106508673e-01
2.031558185404339356e-01,4.047337278106508673e-01
2.031558185404339356e-01,4.071005917159763454e-01
2.059171597633136230e-01,4.071005917159763454e-01
2.059171597633136230e-01,4.082840236686390289e-01
2.067061143984220972e-01,4.082840236686390289e-01
2.067061143984220972e-01,4.094674556213017680e-01
2.086785009861932827e-01,4.094674556213017680e-01
2.086785009861932827e-01,4.130177514792899296e-01
2.106508875739644959e-01,4.130177514792899296e-01
2.106508875739644959e-01,4.142011834319526686e-01
2.110453648915187330e-01,4.142011834319526686e-01
2.110453648915187330e-01,4.165680473372780912e-01
2.114398422090729701e-01,4.165680473372780912e-01
2.114398422090729701e-01,4.189349112426035693e-01
2.118343195266272072e-01,4.189349112426035693e-01
2.118343195266272072e-01,4.224852071005917309e-01
2.142011834319526575e-01,4.224852071005917309e-01
2.142011834319526575e-01,4.272189349112425760e-01
2.153846153846153966e-01,4.272189349112425760e-01
2.153846153846153966e-01,4.284023668639053151e-01
2.157790927021696337e-01,4.284023668639053151e-01
2.157790927021696337e-01,4.295857988165680541e-01
2.185404339250493211e-01,4.295857988165680541e-01
2.185404339250493211e-01,4.319526627218934767e-01
2.201183431952662695e-01,4.319526627218934767e-01
2.201183431952662695e-01,4.343195266272189548e-01
2.209072978303747437e-01,4.343195266272189548e-01
2.209072978303747437e-01,4.390532544378697999e-01
2.228796844181459569e-01,4.390532544378697999e-01
2.228796844181459569e-01,4.402366863905325389e-01
2.252465483234714072e-01,4.402366863905325389e-01
2.252465483234714072e-01,4.426035502958579615e-01
2.256410256410256443e-01,4.426035502958579615e-01
2.256410256410256443e-01,4.449704142011834396e-01
2.260355029585798814e-01,4.449704142011834396e-01
2.260355029585798814e-01,4.473372781065088621e-01
2.276134122287968575e-01,4.473372781065088621e-01
2.276134122287968575e-01,4.508875739644970237e-01
2.284023668639053317e-01,4.508875739644970237e-01
2.284023668639053317e-01,4.532544378698225018e-01
2.295857988165680430e-01,4.532544378698225018e-01
2.295857988165680430e-01,4.544378698224851854e-01
2.303747534516765172e-01,4.544378698224851854e-01
2.303747534516765172e-01,4.556213017751479244e-01
2.315581854043392562e-01,4.556213017751479244e-01
2.315581854043392562e-01,4.568047337278106634e-01
2.355029585798816549e-01,4.568047337278106634e-01
2.355029585798816549e-01,4.579881656804733470e-01
2.358974358974358920e-01,4.579881656804733470e-01
2.358974358974358920e-01,4.591715976331360860e-01
2.378698224852071053e-01,4.591715976331360860e-01
2.378698224852071053e-01,4.615384615384615641e-01
2.382642998027613424e-01,4.615384615384615641e-01
2.382642998027613424e-01,4.639053254437869866e-01
2.386587771203155794e-01,4.639053254437869866e-01
2.386587771203155794e-01,4.650887573964497257e-01
2.402366863905325556e-01,4.650887573964497257e-01
2.402366863905325556e-01,4.674556213017751483e-01
2.414201183431952669e-01,4.674556213017751483e-01
2.422090729783037411e-01,4.674556213017751483e-01
2.429980276134122152e-01,4.674556213017751483e-01
2.429980276134122152e-01,4.686390532544378873e-01
2.437869822485207172e-01,4.686390532544378873e-01
2.437869822485207172e-01,4.698224852071005708e-01
2.445759368836291914e-01,4.698224852071005708e-01
2.445759368836291914e-01,4.710059171597633099e-01
2.453648915187376656e-01,4.710059171597633099e-01
2.461538461538461675e-01,4.710059171597633099e-01
2.461538461538461675e-01,4.721893491124260489e-01
2.465483234714004046e-01,4.721893491124260489e-01
2.465483234714004046e-01,4.733727810650887324e-01
2.469428007889546417e-01,4.733727810650887324e-01
2.469428007889546417e-01,4.745562130177514715e-01
2.477317554240631159e-01,4.745562130177514715e-01
2.477317554240631159e-01,4.804733727810651112e-01
2.497041420118343291e-01,4.804733727810651112e-01
2.497041420118343291e-01,4.816568047337277947e-01
2.524654832347140165e-01,4.816568047337277947e-01
2.524654832347140165e-01,4.840236686390532728e-01
2.528599605522682259e-01,4.840236686390532728e-01
2.528599605522682259e-01,4.852071005917159563e-01
2.540433925049309649e-01,4.852071005917159563e-01
2.540433925049309649e-01,4.863905325443786953e-01
2.544378698224852298e-01,4.863905325443786953e-01
2.544378698224852298e-01,4.875739644970414344e-01
2.560157790927021781e-01,4.875739644970414344e-01
2.560157790927021781e-01,4.911242603550295960e-01
2.587771203155818656e-01,4.911242603550295960e-01
2.587771203155818656e-01,4.923076923076923350e-01
2.599605522682445491e-01,4.923076923076923350e-01
2.599605522682445491e-01,4.934911242603550185e-01
2.603550295857988139e-01,4.934911242603550185e-01
2.603550295857988139e-01,4.946745562130177576e-01
2.623274161735700272e-01,4.946745562130177576e-01
2.623274161735700272e-01,5.005917159763313418e-01
2.631163708086785014e-01,5.005917159763313418e-01
2.631163708086785014e-01,5.017751479289941363e-01
2.646942800788954497e-01,5.017751479289941363e-01
2.646942800788954497e-01,5.029585798816568198e-01
2.658777120315581888e-01,5.029585798816568198e-01
2.658777120315581888e-01,5.041420118343195034e-01
2.670611439842209278e-01,5.041420118343195034e-01
2.670611439842209278e-01,5.088757396449704595e-01
2.674556213017751372e-01,5.088757396449704595e-01
2.674556213017751372e-01,5.112426035502958266e-01
2.682445759368836113e-01,5.112426035502958266e-01
2.682445759368836113e-01,5.136094674556213047e-01
2.706114398422090894e-01,5.136094674556213047e-01
2.706114398422090894e-01,5.147928994082839882e-01
2.714003944773175636e-01,5.147928994082839882e-01
2.714003944773175636e-01,5.159763313609467827e-01
2.725838264299803027e-01,5.159763313609467827e-01
2.725838264299803027e-01,5.183431952662721498e-01
2.737672583826429862e-01,5.183431952662721498e-01
2.737672583826429862e-01,5.218934911242603114e-01
2.745562130177514604e-01,5.218934911242603114e-01
2.745562130177514604e-01,5.230769230769231060e-01
2.749506903353057252e-01,5.230769230769231060e-01
2.749506903353057252e-01,5.242603550295857895e-01
2.773175542406311478e-01,5.242603550295857895e-01
2.773175542406311478e-01,5.254437869822484730e-01
2.796844181459566259e-01,5.254437869822484730e-01
2.796844181459566259e-01,5.266272189349112676e-01
2.820512820512820484e-01,5.266272189349112676e-01
2.820512820512820484e-01,5.289940828402366346e-01
2.828402366863905226e-01,5.289940828402366346e-01
2.828402366863905226e-01,5.301775147928994292e-01
2.844181459566074710e-01,5.301775147928994292e-01
2.844181459566074710e-01,5.313609467455621127e-01
2.867850098619329491e-01,5.313609467455621127e-01
2.867850098619329491e-01,5.325443786982249073e-01
2.879684418145956881e-01,5.325443786982249073e-01
2.879684418145956881e-01,5.337278106508875908e-01
2.895463510848126365e-01,5.337278106508875908e-01
2.895463510848126365e-01,5.349112426035502743e-01
2.927021696252465333e-01,5.349112426035502743e-01
2.927021696252465333e-01,5.360946745562130689e-01
2.942800788954635371e-01,5.360946745562130689e-01
2.942800788954635371e-01,5.372781065088757524e-01
2.946745562130177465e-01,5.372781065088757524e-01
2.946745562130177465e-01,5.396449704142012305e-01
2.958579881656804855e-01,5.396449704142012305e-01
2.958579881656804855e-01,5.420118343195265975e-01
2.966469428007889597e-01,5.420118343195265975e-01
2.966469428007889597e-01,5.443786982248520756e-01
2.982248520710059081e-01,5.443786982248520756e-01
2.982248520710059081e-01,5.455621301775147591e-01
3.001972386587771213e-01,5.455621301775147591e-01
3.001972386587771213e-01,5.491124260355029207e-01
3.005917159763313862e-01,5.491124260355029207e-01
3.005917159763313862e-01,5.502958579881657153e-01
3.037475345167652829e-01,5.502958579881657153e-01
3.037475345167652829e-01,5.526627218934910823e-01
3.045364891518737571e-01,5.526627218934910823e-01
3.045364891518737571e-01,5.538461538461538769e-01
3.049309664694280220e-01,5.538461538461538769e-01
3.049309664694280220e-01,5.550295857988165604e-01
3.053254437869822313e-01,5.550295857988165604e-01
3.053254437869822313e-01,5.562130177514792440e-01
3.061143984220907055e-01,5.562130177514792440e-01
3.061143984220907055e-01,5.573964497041420385e-01
3.088757396449703929e-01,5.573964497041420385e-01
3.088757396449703929e-01,5.585798816568047220e-01
3.100591715976331320e-01,5.585798816568047220e-01
3.100591715976331320e-01,5.597633136094674056e-01
3.132149901380670842e-01,5.597633136094674056e-01
3.132149901380670842e-01,5.621301775147928836e-01
3.140039447731755584e-01,5.621301775147928836e-01
3.140039447731755584e-01,5.633136094674555672e-01
3.147928994082840326e-01,5.633136094674555672e-01
3.147928994082840326e-01,5.644970414201183617e-01
3.155818540433925068e-01,5.644970414201183617e-01
3.155818540433925068e-01,5.715976331360946849e-01
3.167652859960552458e-01,5.715976331360946849e-01
3.167652859960552458e-01,5.739644970414201630e-01
3.183431952662721942e-01,5.739644970414201630e-01
3.191321499013806684e-01,5.739644970414201630e-01
3.195266272189349332e-01,5.739644970414201630e-01
3.195266272189349332e-01,5.751479289940828465e-01
3.218934911242603558e-01,5.751479289940828465e-01
3.218934911242603558e-01,5.763313609467455301e-01
3.242603550295857784e-01,5.763313609467455301e-01
3.242603550295857784e-01,5.775147928994083246e-01
3.254437869822485174e-01,5.775147928994083246e-01
3.254437869822485174e-01,5.786982248520710082e-01
3.262327416173569916e-01,5.786982248520710082e-01
3.262327416173569916e-01,5.798816568047336917e-01
3.278106508875739400e-01,5.798816568047336917e-01
3.278106508875739400e-01,5.822485207100591698e-01
3.282051282051282048e-01,5.822485207100591698e-01
3.282051282051282048e-01,5.846153846153846478e-01
3.305719921104536274e-01,5.846153846153846478e-01
3.305719921104536274e-01,5.857988165680473314e-01
3.341222879684417890e-01,5.857988165680473314e-01
3.341222879684417890e-01,5.869822485207100149e-01
3.349112426035503187e-01,5.869822485207100149e-01
3.349112426035503187e-01,5.881656804733728094e-01
3.353057199211045281e-01,5.881656804733728094e-01
3.353057199211045281e-01,5.893491124260354930e-01
3.364891518737672671e-01,5.893491124260354930e-01
3.364891518737672671e-01,5.905325443786981765e-01
3.368836291913214764e-01,5.905325443786981765e-01
3.368836291913214764e-01,5.917159763313609711e-01
3.376725838264300061e-01,5.917159763313609711e-01
3.376725838264300061e-01,5.928994082840236546e-01
3.392504930966469545e-01,5.928994082840236546e-01
3.392504930966469545e-01,5.952662721893491327e-01
3.400394477317554287e-01,5.952662721893491327e-01
3.408284023668639029e-01,5.952662721893491327e-01
3.412228796844181677e-01,5.952662721893491327e-01
3.420118343195266419e-01,5.952662721893491327e-01
3.451676528599605387e-01,5.952662721893491327e-01
3.451676528599605387e-01,5.964497041420118162e-01
3.459566074950690129e-01,5.964497041420118162e-01
3.459566074950690129e-01,6.011834319526627723e-01
3.463510848126232777e-01,6.011834319526627723e-01
3.463510848126232777e-01,6.023668639053254559e-01
3.467455621301774871e-01,6.023668639053254559e-01
3.467455621301774871e-01,6.047337278106509340e-01
3.518737672583826526e-01,6.047337278106509340e-01
3.518737672583826526e-01,6.059171597633136175e-01
3.526627218934911268e-01,6.059171597633136175e-01
3.526627218934911268e-01,6.071005917159763010e-01
3.530571992110453916e-01,6.071005917159763010e-01
3.530571992110453916e-01,6.082840236686390956e-01
3.534516765285996009e-01,6.082840236686390956e-01
3.534516765285996009e-01,6.094674556213017791e-01
3.538461538461538658e-01,6.094674556213017791e-01
3.538461538461538658e-01,6.106508875739644626e-01
3.570019723865877626e-01,6.106508875739644626e-01
3.577909270216962367e-01,6.106508875739644626e-01
3.581854043392505016e-01,6.106508875739644626e-01
3.581854043392505016e-01,6.130177514792899407e-01
3.585798816568047109e-01,6.130177514792899407e-01
3.585798816568047109e-01,6.142011834319526242e-01
3.589743589743589758e-01,6.142011834319526242e-01
3.589743589743589758e-01,6.153846153846154188e-01
3.605522682445759242e-01,6.153846153846154188e-01
3.605522682445759242e-01,6.165680473372781023e-01
3.609467455621301890e-01,6.165680473372781023e-01
3.609467455621301890e-01,6.177514792899407858e-01
3.617357001972386632e-01,6.177514792899407858e-01
3.617357001972386632e-01,6.189349112426035804e-01
3.621301775147928725e-01,6.189349112426035804e-01
3.621301775147928725e-01,6.201183431952662639e-01
3.633136094674556116e-01,6.201183431952662639e-01
3.641025641025640858e-01,6.201183431952662639e-01
3.641025641025640858e-01,6.213017751479289474e-01
3.644970414201183506e-01,6.213017751479289474e-01
3.644970414201183506e-01,6.224852071005917420e-01
3.680473372781065122e-01,6.224852071005917420e-01
3.680473372781065122e-01,6.248520710059171090e-01
3.696252465483234606e-01,6.248520710059171090e-01
3.696252465483234606e-01,6.260355029585799036e-01
3.704142011834319348e-01,6.260355029585799036e-01
3.704142011834319348e-01,6.284023668639052707e-01
3.727810650887574129e-01,6.284023668639052707e-01
3.727810650887574129e-01,6.331360946745562268e-01
3.767258382642997838e-01,6.331360946745562268e-01
3.767258382642997838e-01,6.378698224852070719e-01
3.771203155818540487e-01,6.378698224852070719e-01
3.771203155818540487e-01,6.402366863905325500e-01
3.798816568047337361e-01,6.402366863905325500e-01
3.798816568047337361e-01,6.426035502958580281e-01
3.802761341222879454e-01,6.426035502958580281e-01
3.802761341222879454e-01,6.449704142011833952e-01
3.810650887573964751e-01,6.449704142011833952e-01
3.810650887573964751e-01,6.461538461538461897e-01
3.838264299802761070e-01,6.461538461538461897e-01
3.838264299802761070e-01,6.473372781065088732e-01
3.857988165680473203e-01,6.473372781065088732e-01
3.857988165680473203e-01,6.485207100591715568e-01
3.873767258382643242e-01,6.485207100591715568e-01
3.873767258382643242e-01,6.508875739644970349e-01
3.877712031558185335e-01,6.508875739644970349e-01
3.877712031558185335e-01,6.520710059171597184e-01
3.905325443786982209e-01,6.520710059171597184e-01
3.905325443786982209e-01,6.544378698224851965e-01
3.913214990138066951e-01,6.544378698224851965e-01
3.913214990138066951e-01,6.568047337278106745e-01
3.921104536489151693e-01,6.568047337278106745e-01
3.928994082840236435e-01,6.568047337278106745e-01
3.936883629191321732e-01,6.568047337278106745e-01
3.936883629191321732e-01,6.579881656804733581e-01
3.996055226824457574e-01,6.579881656804733581e-01
3.996055226824457574e-01,6.591715976331360416e-01
4.003944773175542315e-01,6.591715976331360416e-01
4.003944773175542315e-01,6.603550295857988361e-01
4.007889546351084964e-01,6.603550295857988361e-01
4.007889546351084964e-01,6.615384615384615197e-01
4.011834319526627057e-01,6.615384615384615197e-01
4.019723865877711799e-01,6.615384615384615197e-01
4.031558185404339190e-01,6.615384615384615197e-01
4.031558185404339190e-01,6.627218934911243142e-01
4.039447731755423932e-01,6.627218934911243142e-01
4.039447731755423932e-01,6.662721893491124758e-01
4.051282051282051322e-01,6.662721893491124758e-01
4.051282051282051322e-01,6.674556213017751594e-01
4.059171597633136064e-01,6.674556213017751594e-01
4.059171597633136064e-01,6.686390532544378429e-01
4.067061143984220806e-01,6.686390532544378429e-01
4.067061143984220806e-01,6.698224852071006374e-01
4.082840236686390289e-01,6.698224852071006374e-01
4.082840236686390289e-01,6.721893491124260045e-01
4.090729783037475586e-01,6.721893491124260045e-01
4.090729783037475586e-01,6.733727810650887990e-01
4.118343195266272461e-01,6.733727810650887990e-01
4.118343195266272461e-01,6.757396449704141661e-01
4.126232741617357203e-01,6.757396449704141661e-01
4.126232741617357203e-01,6.781065088757396442e-01
4.134122287968441944e-01,6.781065088757396442e-01
4.134122287968441944e-01,6.792899408284023277e-01
4.161735700197238819e-01,6.792899408284023277e-01
4.161735700197238819e-01,6.804733727810651223e-01
4.165680473372780912e-01,6.804733727810651223e-01
4.165680473372780912e-01,6.816568047337278058e-01
4.177514792899408302e-01,6.816568047337278058e-01
4.177514792899408302e-01,6.840236686390532839e-01
4.189349112426035693e-01,6.840236686390532839e-01
4.189349112426035693e-01,6.863905325443786509e-01
4.197238658777120435e-01,6.863905325443786509e-01
4.197238658777120435e-01,6.887573964497041290e-01
4.201183431952662528e-01,6.887573964497041290e-01
4.201183431952662528e-01,6.899408284023668125e-01
4.205128205128205177e-01,6.899408284023668125e-01
4.205128205128205177e-01,6.911242603550296071e-01
4.216962524654832567e-01,6.911242603550296071e-01
4.216962524654832567e-01,6.923076923076922906e-01
4.244575936883629441e-01,6.923076923076922906e-01
4.244575936883629441e-01,6.934911242603549741e-01
4.276134122287968409e-01,6.934911242603549741e-01
4.276134122287968409e-01,6.946745562130177687e-01
4.287968441814595799e-01,6.946745562130177687e-01
4.287968441814595799e-01,6.958579881656804522e-01
4.291913214990137893e-01,6.958579881656804522e-01
4.291913214990137893e-01,6.970414201183432468e-01
4.303747534516765283e-01,6.970414201183432468e-01
4.303747534516765283e-01,6.994082840236686138e-01
4.351084812623274289e-01,6.994082840236686138e-01
4.351084812623274289e-01,7.005917159763314084e-01
4.362919132149901125e-01,7.005917159763314084e-01
4.362919132149901125e-01,7.017751479289940919e-01
4.414201183431952780e-01,7.017751479289940919e-01
4.414201183431952780e-01,7.041420118343195700e-01
4.429980276134122263e-01,7.041420118343195700e-01
4.429980276134122263e-01,7.053254437869822535e-01
4.433925049309664912e-01,7.053254437869822535e-01
4.433925049309664912e-01,7.076923076923077316e-01
4.441814595660749654e-01,7.076923076923077316e-01
4.441814595660749654e-01,7.088757396449704151e-01
4.449704142011834396e-01,7.088757396449704151e-01
4.449704142011834396e-01,7.100591715976330986e-01
4.473372781065088621e-01,7.100591715976330986e-01
4.473372781065088621e-01,7.112426035502958932e-01
4.477317554240631270e-01,7.112426035502958932e-01
4.477317554240631270e-01,7.124260355029585767e-01
4.516765285996054979e-01,7.124260355029585767e-01
4.516765285996054979e-01,7.136094674556212603e-01
4.540433925049309760e-01,7.136094674556212603e-01
4.540433925049309760e-01,7.147928994082840548e-01
4.548323471400394502e-01,7.147928994082840548e-01
4.548323471400394502e-01,7.171597633136094219e-01
4.564102564102563986e-01,7.171597633136094219e-01
4.564102564102563986e-01,7.183431952662722164e-01
4.579881656804733470e-01,7.183431952662722164e-01
4.587771203155818767e-01,7.183431952662722164e-01
4.595660749506903509e-01,7.183431952662722164e-01
4.595660749506903509e-01,7.218934911242603780e-01
4.623274161735700383e-01,7.218934911242603780e-01
4.623274161735700383e-01,7.230769230769230616e-01
4.627218934911242476e-01,7.230769230769230616e-01
4.635108481262327218e-01,7.230769230769230616e-01
4.639053254437869866e-01,7.230769230769230616e-01
4.639053254437869866e-01,7.242603550295857451e-01
4.658777120315581999e-01,7.242603550295857451e-01
4.658777120315581999e-01,7.254437869822485396e-01
4.725838264299802582e-01,7.254437869822485396e-01
4.733727810650887324e-01,7.254437869822485396e-01
4.765285996055226847e-01,7.254437869822485396e-01
4.765285996055226847e-01,7.266272189349112232e-01
4.788954635108481073e-01,7.266272189349112232e-01
4.788954635108481073e-01,7.278106508875740177e-01
4.816568047337277947e-01,7.278106508875740177e-01
4.816568047337277947e-01,7.289940828402367012e-01
4.852071005917159563e-01,7.289940828402367012e-01
4.852071005917159563e-01,7.301775147928993848e-01
4.859960552268244305e-01,7.301775147928993848e-01
4.859960552268244305e-01,7.313609467455621793e-01
4.871794871794871695e-01,7.313609467455621793e-01
4.871794871794871695e-01,7.325443786982248628e-01
4.879684418145956437e-01,7.325443786982248628e-01
4.879684418145956437e-01,7.337278106508875464e-01
4.930966469428008092e-01,7.337278106508875464e-01
4.930966469428008092e-01,7.349112426035503409e-01
4.934911242603550185e-01,7.349112426035503409e-01
4.934911242603550185e-01,7.360946745562130245e-01
4.942800788954634927e-01,7.360946745562130245e-01
4.942800788954634927e-01,7.384615384615385025e-01
4.958579881656804966e-01,7.384615384615385025e-01
4.966469428007889708e-01,7.384615384615385025e-01
4.994082840236686582e-01,7.384615384615385025e-01
4.994082840236686582e-01,7.396449704142011861e-01
5.001972386587770769e-01,7.396449704142011861e-01
5.001972386587770769e-01,7.408284023668638696e-01
5.017751479289941363e-01,7.408284023668638696e-01
5.017751479289941363e-01,7.420118343195266641e-01
5.025641025641025550e-01,7.420118343195266641e-01
5.025641025641025550e-01,7.431952662721893477e-01
5.049309664694280331e-01,7.431952662721893477e-01
5.049309664694280331e-01,7.443786982248520312e-01
5.069033530571992463e-01,7.443786982248520312e-01
5.069033530571992463e-01,7.455621301775148257e-01
5.080867850098619298e-01,7.455621301775148257e-01
5.088757396449704595e-01,7.455621301775148257e-01
5.116370808678500914e-01,7.455621301775148257e-01
5.116370808678500914e-01,7.467455621301775093e-01
5.124260355029586211e-01,7.467455621301775093e-01
5.124260355029586211e-01,7.479289940828401928e-01
5.132149901380670398e-01,7.479289940828401928e-01
5.136094674556213047e-01,7.479289940828401928e-01
5.136094674556213047e-01,7.491124260355029874e-01
5.151873767258382530e-01,7.491124260355029874e-01
5.151873767258382530e-01,7.502958579881656709e-01
5.171597633136094663e-01,7.502958579881656709e-01
5.171597633136094663e-01,7.526627218934911490e-01
5.179487179487179960e-01,7.526627218934911490e-01
5.179487179487179960e-01,7.538461538461538325e-01
5.207100591715976279e-01,7.538461538461538325e-01
5.207100591715976279e-01,7.550295857988165160e-01
5.258382642998027379e-01,7.550295857988165160e-01
5.258382642998027379e-01,7.573964497041419941e-01
5.262327416173570027e-01,7.573964497041419941e-01
5.270216962524655324e-01,7.573964497041419941e-01
5.278106508875739511e-01,7.573964497041419941e-01
5.278106508875739511e-01,7.597633136094674722e-01
5.289940828402366346e-01,7.597633136094674722e-01
5.289940828402366346e-01,7.621301775147929503e-01
5.345167652859960095e-01,7.621301775147929503e-01
5.345167652859960095e-01,7.633136094674556338e-01
5.364891518737672227e-01,7.633136094674556338e-01
5.364891518737672227e-01,7.644970414201183173e-01
5.392504930966469656e-01,7.644970414201183173e-01
5.392504930966469656e-01,7.656804733727811119e-01
5.396449704142012305e-01,7.656804733727811119e-01
5.396449704142012305e-01,7.668639053254437954e-01
5.400394477317553843e-01,7.668639053254437954e-01
5.408284023668639140e-01,7.668639053254437954e-01
5.435897435897435459e-01,7.668639053254437954e-01
5.435897435897435459e-01,7.680473372781064789e-01
5.463510848126232888e-01,7.680473372781064789e-01
5.463510848126232888e-01,7.692307692307692735e-01
5.471400394477317075e-01,7.692307692307692735e-01
5.471400394477317075e-01,7.704142011834319570e-01
5.475345167652859724e-01,7.704142011834319570e-01
5.475345167652859724e-01,7.715976331360946405e-01
5.491124260355029207e-01,7.715976331360946405e-01
5.491124260355029207e-01,7.727810650887574351e-01
5.534516765285996120e-01,7.727810650887574351e-01
5.534516765285996120e-01,7.751479289940828021e-01
5.542406311637081417e-01,7.751479289940828021e-01
5.542406311637081417e-01,7.763313609467455967e-01
5.554240631163708253e-01,7.763313609467455967e-01
5.554240631163708253e-01,7.775147928994082802e-01
5.558185404339250901e-01,7.775147928994082802e-01
5.558185404339250901e-01,7.786982248520709637e-01
5.573964497041420385e-01,7.786982248520709637e-01
5.573964497041420385e-01,7.810650887573964418e-01
5.589743589743589869e-01,7.810650887573964418e-01
5.589743589743589869e-01,7.822485207100591253e-01
5.593688362919132517e-01,7.822485207100591253e-01
5.593688362919132517e-01,7.846153846153846034e-01
5.652859960552267804e-01,7.846153846153846034e-01
5.652859960552267804e-01,7.857988165680472870e-01
5.660749506903353101e-01,7.857988165680472870e-01
5.660749506903353101e-01,7.869822485207100815e-01
5.664694280078895749e-01,7.869822485207100815e-01
5.664694280078895749e-01,7.881656804733727650e-01
5.668639053254438398e-01,7.881656804733727650e-01
5.668639053254438398e-01,7.893491124260354486e-01
5.715976331360946849e-01,7.893491124260354486e-01
5.715976331360946849e-01,7.905325443786982431e-01
5.751479289940828465e-01,7.905325443786982431e-01
5.751479289940828465e-01,7.917159763313609266e-01
5.771203155818540598e-01,7.917159763313609266e-01
5.771203155818540598e-01,7.928994082840237212e-01
5.775147928994083246e-01,7.928994082840237212e-01
5.775147928994083246e-01,7.940828402366864047e-01
5.779092702169624785e-01,7.940828402366864047e-01
5.779092702169624785e-01,7.964497041420118828e-01
5.783037475345167433e-01,7.964497041420118828e-01
5.783037475345167433e-01,7.976331360946745663e-01
5.818540433925049049e-01,7.976331360946745663e-01
5.818540433925049049e-01,8.000000000000000444e-01
5.865877712031558611e-01,8.000000000000000444e-01
5.865877712031558611e-01,8.023668639053254115e-01
5.885601577909270743e-01,8.023668639053254115e-01
5.885601577909270743e-01,8.047337278106508895e-01
5.897435897435897578e-01,8.047337278106508895e-01
5.897435897435897578e-01,8.059171597633135731e-01
5.901380670611440227e-01,8.059171597633135731e-01
5.901380670611440227e-01,8.071005917159763676e-01
5.913214990138067062e-01,8.071005917159763676e-01
5.913214990138067062e-01,8.082840236686390512e-01
5.936883629191321843e-01,8.082840236686390512e-01
5.936883629191321843e-01,8.094674556213017347e-01
5.956607495069033975e-01,8.094674556213017347e-01
5.956607495069033975e-01,8.130177514792898963e-01
5.976331360946746107e-01,8.130177514792898963e-01
5.976331360946746107e-01,8.142011834319526908e-01
5.992110453648915591e-01,8.142011834319526908e-01
5.992110453648915591e-01,8.153846153846153744e-01
5.996055226824457129e-01,8.153846153846153744e-01
5.996055226824457129e-01,8.165680473372780579e-01
6.011834319526627723e-01,8.165680473372780579e-01
6.011834319526627723e-01,8.177514792899408524e-01
6.027613412228797207e-01,8.177514792899408524e-01
6.027613412228797207e-01,8.189349112426035360e-01
6.031558185404338746e-01,8.189349112426035360e-01
6.031558185404338746e-01,8.201183431952662195e-01
6.039447731755424043e-01,8.201183431952662195e-01
6.039447731755424043e-01,8.213017751479290141e-01
6.051282051282050878e-01,8.213017751479290141e-01
6.051282051282050878e-01,8.224852071005916976e-01
6.106508875739644626e-01,8.224852071005916976e-01
6.106508875739644626e-01,8.236686390532544921e-01
6.114398422090729923e-01,8.236686390532544921e-01
6.114398422090729923e-01,8.248520710059171757e-01
6.130177514792899407e-01,8.248520710059171757e-01
6.130177514792899407e-01,8.260355029585798592e-01
6.145956607495068891e-01,8.260355029585798592e-01
6.145956607495068891e-01,8.284023668639053373e-01
6.177514792899407858e-01,8.284023668639053373e-01
6.177514792899407858e-01,8.307692307692308153e-01
6.189349112426035804e-01,8.307692307692308153e-01
6.189349112426035804e-01,8.319526627218934989e-01
6.193293885601578452e-01,8.319526627218934989e-01
6.201183431952662639e-01,8.319526627218934989e-01
6.232741617357001607e-01,8.319526627218934989e-01
6.232741617357001607e-01,8.343195266272189770e-01
6.240631163708086904e-01,8.343195266272189770e-01
6.240631163708086904e-01,8.355029585798816605e-01
6.252465483234713739e-01,8.355029585798816605e-01
6.252465483234713739e-01,8.366863905325443440e-01
6.272189349112425871e-01,8.366863905325443440e-01
6.272189349112425871e-01,8.378698224852071386e-01
6.284023668639052707e-01,8.378698224852071386e-01
6.284023668639052707e-01,8.390532544378698221e-01
6.343195266272189103e-01,8.390532544378698221e-01
6.343195266272189103e-01,8.402366863905325056e-01
6.347140039447731752e-01,8.402366863905325056e-01
6.347140039447731752e-01,8.426035502958579837e-01
6.362919132149901236e-01,8.426035502958579837e-01
6.362919132149901236e-01,8.437869822485206672e-01
6.374753451676528071e-01,8.437869822485206672e-01
6.374753451676528071e-01,8.449704142011834618e-01
6.386587771203156016e-01,8.449704142011834618e-01
6.386587771203156016e-01,8.461538461538461453e-01
6.390532544378698665e-01,8.461538461538461453e-01
6.390532544378698665e-01,8.473372781065088288e-01
6.406311637080868149e-01,8.473372781065088288e-01
6.406311637080868149e-01,8.485207100591716234e-01
6.410256410256410797e-01,8.485207100591716234e-01
6.410256410256410797e-01,8.497041420118343069e-01
6.457593688362919249e-01,8.497041420118343069e-01
6.465483234714003435e-01,8.497041420118343069e-01
6.477317554240631381e-01,8.497041420118343069e-01
6.477317554240631381e-01,8.508875739644969904e-01
6.481262327416174029e-01,8.508875739644969904e-01
6.481262327416174029e-01,8.520710059171597850e-01
6.485207100591715568e-01,8.520710059171597850e-01
6.485207100591715568e-01,8.532544378698224685e-01
6.512820512820512997e-01,8.532544378698224685e-01
6.520710059171597184e-01,8.532544378698224685e-01
6.524654832347139832e-01,8.532544378698224685e-01
6.524654832347139832e-01,8.556213017751479466e-01
6.540433925049309316e-01,8.556213017751479466e-01
6.540433925049309316e-01,8.568047337278106301e-01
6.560157790927021448e-01,8.568047337278106301e-01
6.560157790927021448e-01,8.591715976331361082e-01
6.591715976331360416e-01,8.591715976331361082e-01
6.591715976331360416e-01,8.603550295857987917e-01
6.642998027613412626e-01,8.603550295857987917e-01
6.642998027613412626e-01,8.615384615384615863e-01
6.650887573964496813e-01,8.615384615384615863e-01
6.650887573964496813e-01,8.627218934911242698e-01
6.670611439842208945e-01,8.627218934911242698e-01
6.670611439842208945e-01,8.639053254437869533e-01
6.686390532544378429e-01,8.639053254437869533e-01
6.686390532544378429e-01,8.650887573964497479e-01
6.698224852071006374e-01,8.650887573964497479e-01
6.698224852071006374e-01,8.662721893491124314e-01
6.706114398422090561e-01,8.662721893491124314e-01
6.706114398422090561e-01,8.674556213017751150e-01
6.714003944773175858e-01,8.674556213017751150e-01
6.714003944773175858e-01,8.686390532544379095e-01
6.725838264299802693e-01,8.686390532544379095e-01
6.725838264299802693e-01,8.698224852071005930e-01
6.757396449704141661e-01,8.698224852071005930e-01
6.757396449704141661e-01,8.710059171597632766e-01
6.765285996055226958e-01,8.710059171597632766e-01
6.765285996055226958e-01,8.721893491124260711e-01
6.769230769230769607e-01,8.721893491124260711e-01
6.769230769230769607e-01,8.733727810650887546e-01
6.788954635108481739e-01,8.733727810650887546e-01
6.788954635108481739e-01,8.745562130177514382e-01
6.800788954635108574e-01,8.745562130177514382e-01
6.800788954635108574e-01,8.757396449704142327e-01
6.804733727810651223e-01,8.757396449704142327e-01
6.804733727810651223e-01,8.781065088757395998e-01
6.852071005917159674e-01,8.781065088757395998e-01
6.852071005917159674e-01,8.792899408284023943e-01
6.867850098619329158e-01,8.792899408284023943e-01
6.867850098619329158e-01,8.804733727810650779e-01
6.903353057199210774e-01,8.804733727810650779e-01
6.903353057199210774e-01,8.828402366863905559e-01
6.915187376725838719e-01,8.828402366863905559e-01
6.915187376725838719e-01,8.840236686390532395e-01
6.923076923076922906e-01,8.840236686390532395e-01
6.923076923076922906e-01,8.852071005917159230e-01
6.930966469428008203e-01,8.852071005917159230e-01
6.930966469428008203e-01,8.863905325443787175e-01
6.950690335305720335e-01,8.863905325443787175e-01
6.950690335305720335e-01,8.875739644970414011e-01
6.970414201183432468e-01,8.875739644970414011e-01
6.970414201183432468e-01,8.887573964497041956e-01
6.974358974358974006e-01,8.887573964497041956e-01
6.974358974358974006e-01,8.899408284023668791e-01
7.021696252465483568e-01,8.899408284023668791e-01
7.021696252465483568e-01,8.911242603550295627e-01
7.045364891518737238e-01,8.911242603550295627e-01
7.045364891518737238e-01,8.923076923076923572e-01
7.049309664694279887e-01,8.923076923076923572e-01
7.049309664694279887e-01,8.934911242603550408e-01
7.057199211045365184e-01,8.934911242603550408e-01
7.057199211045365184e-01,8.946745562130177243e-01
7.065088757396449370e-01,8.946745562130177243e-01
7.065088757396449370e-01,8.958579881656805188e-01
7.069033530571992019e-01,8.958579881656805188e-01
7.069033530571992019e-01,8.970414201183432024e-01
7.080867850098618854e-01,8.970414201183432024e-01
7.080867850098618854e-01,8.994082840236686804e-01
7.132149901380671064e-01,8.994082840236686804e-01
7.132149901380671064e-01,9.017751479289940475e-01
7.163708086785010032e-01,9.017751479289940475e-01
7.163708086785010032e-01,9.029585798816568420e-01
7.179487179487179516e-01,9.029585798816568420e-01
7.179487179487179516e-01,9.041420118343195256e-01
7.282051282051281715e-01,9.041420118343195256e-01
7.282051282051281715e-01,9.053254437869822091e-01
7.297830374753451199e-01,9.053254437869822091e-01
7.297830374753451199e-01,9.065088757396450037e-01
7.309664694280079145e-01,9.065088757396450037e-01
7.309664694280079145e-01,9.076923076923076872e-01
7.313609467455621793e-01,9.076923076923076872e-01
7.313609467455621793e-01,9.088757396449703707e-01
7.353057199211044948e-01,9.088757396449703707e-01
7.353057199211044948e-01,9.100591715976331653e-01
7.372781065088757080e-01,9.100591715976331653e-01
7.372781065088757080e-01,9.112426035502958488e-01
7.376725838264299728e-01,9.112426035502958488e-01
7.376725838264299728e-01,9.124260355029585323e-01
7.380670611439842377e-01,9.124260355029585323e-01
7.380670611439842377e-01,9.136094674556213269e-01
7.400394477317554509e-01,9.136094674556213269e-01
7.400394477317554509e-01,9.147928994082840104e-01
7.416173570019723993e-01,9.147928994082840104e-01
7.416173570019723993e-01,9.159763313609466939e-01
7.471400394477317741e-01,9.159763313609466939e-01
7.471400394477317741e-01,9.171597633136094885e-01
7.479289940828401928e-01,9.171597633136094885e-01
7.479289940828401928e-01,9.183431952662721720e-01
7.530571992110454138e-01,9.183431952662721720e-01
7.530571992110454138e-01,9.195266272189349666e-01
7.585798816568047886e-01,9.195266272189349666e-01
7.585798816568047886e-01,9.207100591715976501e-01
7.605522682445758909e-01,9.207100591715976501e-01
7.605522682445758909e-01,9.218934911242603336e-01
7.633136094674556338e-01,9.218934911242603336e-01
7.633136094674556338e-01,9.242603550295858117e-01
7.641025641025640525e-01,9.242603550295858117e-01
7.641025641025640525e-01,9.254437869822484952e-01
7.688362919132150086e-01,9.254437869822484952e-01
7.688362919132150086e-01,9.266272189349112898e-01
7.763313609467455967e-01,9.266272189349112898e-01
7.763313609467455967e-01,9.278106508875739733e-01
7.771203155818540154e-01,9.278106508875739733e-01
7.771203155818540154e-01,9.289940828402366568e-01
7.783037475345168099e-01,9.289940828402366568e-01
7.783037475345168099e-01,9.301775147928994514e-01
7.814595660749507067e-01,9.301775147928994514e-01
7.814595660749507067e-01,9.313609467455621349e-01
7.830374753451676550e-01,9.313609467455621349e-01
7.830374753451676550e-01,9.325443786982248184e-01
7.893491124260354486e-01,9.325443786982248184e-01
7.893491124260354486e-01,9.337278106508876130e-01
7.901380670611439783e-01,9.337278106508876130e-01
7.901380670611439783e-01,9.349112426035502965e-01
7.928994082840237212e-01,9.349112426035502965e-01
7.928994082840237212e-01,9.372781065088757746e-01
7.932938856015778750e-01,9.372781065088757746e-01
7.932938856015778750e-01,9.384615384615384581e-01
7.976331360946745663e-01,9.384615384615384581e-01
7.976331360946745663e-01,9.396449704142011417e-01
7.984220907297829850e-01,9.396449704142011417e-01
7.984220907297829850e-01,9.408284023668639362e-01
7.992110453648915147e-01,9.408284023668639362e-01
7.992110453648915147e-01,9.420118343195266197e-01
7.996055226824457796e-01,9.420118343195266197e-01
7.996055226824457796e-01,9.431952662721893033e-01
8.031558185404339412e-01,9.431952662721893033e-01
8.031558185404339412e-01,9.443786982248520978e-01
8.067061143984221028e-01,9.443786982248520978e-01
8.067061143984221028e-01,9.455621301775147813e-01
8.094674556213017347e-01,9.455621301775147813e-01
8.094674556213017347e-01,9.479289940828402594e-01
8.110453648915186831e-01,9.479289940828402594e-01
8.110453648915186831e-01,9.491124260355029429e-01
8.126232741617357425e-01,9.491124260355029429e-01
8.126232741617357425e-01,9.502958579881656265e-01
8.138067061143984260e-01,9.502958579881656265e-01
8.138067061143984260e-01,9.514792899408284210e-01
8.205128205128204844e-01,9.514792899408284210e-01
8.205128205128204844e-01,9.526627218934911046e-01
8.213017751479290141e-01,9.526627218934911046e-01
8.213017751479290141e-01,9.538461538461538991e-01
8.256410256410255943e-01,9.538461538461538991e-01
8.264299802761341240e-01,9.538461538461538991e-01
8.272189349112426537e-01,9.538461538461538991e-01
8.272189349112426537e-01,9.562130177514792662e-01
8.319526627218934989e-01,9.562130177514792662e-01
8.327416173570019176e-01,9.562130177514792662e-01
8.378698224852071386e-01,9.562130177514792662e-01
8.378698224852071386e-01,9.573964497041420607e-01
8.386587771203155572e-01,9.573964497041420607e-01
8.386587771203155572e-01,9.585798816568047442e-01
8.402366863905325056e-01,9.585798816568047442e-01
8.402366863905325056e-01,9.597633136094674278e-01
8.481262327416173585e-01,9.597633136094674278e-01
8.481262327416173585e-01,9.621301775147929058e-01
8.485207100591716234e-01,9.621301775147929058e-01
8.485207100591716234e-01,9.633136094674555894e-01
8.489151873767258882e-01,9.633136094674555894e-01
8.489151873767258882e-01,9.644970414201183839e-01
8.520710059171597850e-01,9.644970414201183839e-01
8.520710059171597850e-01,9.656804733727810675e-01
8.548323471400394169e-01,9.656804733727810675e-01
8.548323471400394169e-01,9.668639053254437510e-01
8.552268244575936817e-01,9.668639053254437510e-01
8.552268244575936817e-01,9.680473372781065455e-01
8.560157790927022115e-01,9.680473372781065455e-01
8.560157790927022115e-01,9.692307692307692291e-01
8.607495069033530566e-01,9.692307692307692291e-01
8.607495069033530566e-01,9.704142011834319126e-01
8.639053254437869533e-01,9.704142011834319126e-01
8.639053254437869533e-01,9.715976331360947071e-01
8.702169625246548579e-01,9.715976331360947071e-01
8.702169625246548579e-01,9.739644970414200742e-01
8.706114398422091227e-01,9.739644970414200742e-01
8.706114398422091227e-01,9.751479289940828687e-01
8.804733727810650779e-01,9.751479289940828687e-01
8.804733727810650779e-01,9.763313609467455523e-01
8.812623274161736076e-01,9.763313609467455523e-01
8.812623274161736076e-01,9.775147928994082358e-01
8.820512820512820262e-01,9.775147928994082358e-01
8.820512820512820262e-01,9.786982248520710304e-01
8.836291913214989746e-01,9.786982248520710304e-01
8.844181459566075043e-01,9.786982248520710304e-01
8.871794871794871362e-01,9.786982248520710304e-01
8.871794871794871362e-01,9.798816568047337139e-01
8.919132149901380924e-01,9.798816568047337139e-01
8.919132149901380924e-01,9.810650887573963974e-01
8.930966469428007759e-01,9.810650887573963974e-01
8.930966469428007759e-01,9.822485207100591920e-01
8.974358974358974672e-01,9.822485207100591920e-01
8.974358974358974672e-01,9.834319526627218755e-01
9.009861932938856288e-01,9.834319526627218755e-01
9.017751479289940475e-01,9.834319526627218755e-01
9.017751479289940475e-01,9.846153846153846700e-01
9.029585798816568420e-01,9.846153846153846700e-01
9.029585798816568420e-01,9.857988165680473536e-01
9.069033530571991575e-01,9.857988165680473536e-01
9.069033530571991575e-01,9.869822485207100371e-01
9.072978303747534223e-01,9.869822485207100371e-01
9.072978303747534223e-01,9.881656804733728316e-01
9.088757396449703707e-01,9.881656804733728316e-01
9.088757396449703707e-01,9.893491124260355152e-01
9.163708086785009588e-01,9.893491124260355152e-01
9.163708086785009588e-01,9.905325443786981987e-01
9.195266272189349666e-01,9.905325443786981987e-01
9.195266272189349666e-01,9.917159763313609933e-01
9.211045364891519149e-01,9.917159763313609933e-01
9.211045364891519149e-01,9.928994082840236768e-01
9.246548323471400765e-01,9.928994082840236768e-01
9.246548323471400765e-01,9.952662721893491549e-01
9.250493096646942304e-01,9.952662721893491549e-01
9.250493096646942304e-01,9.964497041420118384e-01
9.309664694280078701e-01,9.964497041420118384e-01
9.309664694280078701e-01,9.988165680473373165e-01
9.317554240631163998e-01,9.988165680473373165e-01
9.317554240631163998e-01,1.000000000000000000e+00
1.000000000000000000e+00,1.000000000000000000e+00
