FPR,TPR
0.000000000000000000e+00,0.000000000000000000e+00
7.168458781362007162e-04,0.000000000000000000e+00
3.584229390681003581e-03,0.000000000000000000e+00
3.584229390681003581e-03,4.301075268817204297e-03
5.017921146953405014e-03,4.301075268817204297e-03
6.451612903225806446e-03,4.301075268817204297e-03
7.885304659498208746e-03,4.301075268817204297e-03
7.885304659498208746e-03,6.451612903225806446e-03
8.602150537634408595e-03,6.451612903225806446e-03
8.602150537634408595e-03,1.075268817204301161e-02
1.075268817204301161e-02,1.075268817204301161e-02
1.075268817204301161e-02,1.290322580645161289e-02
1.146953405017921146e-02,1.290322580645161289e-02
1.146953405017921146e-02,1.505376344086021591e-02
1.433691756272401432e-02,1.505376344086021591e-02
1.433691756272401432e-02,1.720430107526881719e-02
1.648745519713261734e-02,1.720430107526881719e-02
1.648745519713261734e-02,1.935483870967742021e-02
1.863799283154122036e-02,1.935483870967742021e-02
1.863799283154122036e-02,2.365591397849462277e-02
2.078853046594981990e-02,2.365591397849462277e-02
2.078853046594981990e-02,2.580645161290322578e-02
2.150537634408602322e-02,2.580645161290322578e-02
2.150537634408602322e-02,3.010752688172043182e-02
2.293906810035842292e-02,3.010752688172043182e-02
2.293906810035842292e-02,3.225806451612903136e-02
2.580645161290322578e-02,3.225806451612903136e-02
2.580645161290322578e-02,3.655913978494623739e-02
2.795698924731182880e-02,3.655913978494623739e-02
2.795698924731182880e-02,3.870967741935484041e-02
2.867383512544802865e-02,3.870967741935484041e-02
2.867383512544802865e-02,4.086021505376344343e-02
3.082437275985663166e-02,4.086021505376344343e-02
3.082437275985663166e-02,4.301075268817204644e-02
3.154121863799283498e-02,4.301075268817204644e-02
3.297491039426523468e-02,4.301075268817204644e-02
3.369175627240143106e-02,4.301075268817204644e-02
3.369175627240143106e-02,4.731182795698924554e-02
3.727598566308244071e-02,4.731182795698924554e-02
3.727598566308244071e-02,4.946236559139784855e-02
3.942652329749103679e-02,4.946236559139784855e-02
3.942652329749103679e-02,5.376344086021505458e-02
4.014336917562724011e-02,5.376344086021505458e-02
4.014336917562724011e-02,5.591397849462365760e-02
4.229390681003584312e-02,5.591397849462365760e-02
4.229390681003584312e-02,6.236559139784945971e-02
4.516129032258064252e-02,6.236559139784945971e-02
4.516129032258064252e-02,6.666666666666666574e-02
4.802867383512544885e-02,6.666666666666666574e-02
4.802867383512544885e-02,6.881720430107526876e-02
5.089605734767024825e-02,6.881720430107526876e-02
5.089605734767024825e-02,7.096774193548387177e-02
5.161290322580645157e-02,7.096774193548387177e-02
5.161290322580645157e-02,7.526881720430107781e-02
5.304659498207885127e-02,7.526881720430107781e-02
5.304659498207885127e-02,7.741935483870968082e-02
5.376344086021505458e-02,7.741935483870968082e-02
5.519713261648745428e-02,7.741935483870968082e-02
5.663082437275985398e-02,7.741935483870968082e-02
5.663082437275985398e-02,8.387096774193548987e-02
5.734767025089605730e-02,8.387096774193548987e-02
5.734767025089605730e-02,8.602150537634409289e-02
6.021505376344086363e-02,8.602150537634409289e-02
6.021505376344086363e-02,8.817204301075268202e-02
6.236559139784945971e-02,8.817204301075268202e-02
6.236559139784945971e-02,9.032258064516128504e-02
6.523297491039425910e-02,9.032258064516128504e-02
6.523297491039425910e-02,9.247311827956988806e-02
6.810035842293907238e-02,9.247311827956988806e-02
6.810035842293907238e-02,9.462365591397849107e-02
6.953405017921146514e-02,9.462365591397849107e-02
6.953405017921146514e-02,9.677419354838709409e-02
7.956989247311828384e-02,9.677419354838709409e-02
7.956989247311828384e-02,9.892473118279569710e-02
8.315412186379927961e-02,9.892473118279569710e-02
8.315412186379927961e-02,1.010752688172043001e-01
8.458781362007168625e-02,1.010752688172043001e-01
8.458781362007168625e-02,1.032258064516129031e-01
8.602150537634409289e-02,1.032258064516129031e-01
8.602150537634409289e-02,1.053763440860215062e-01
8.745519713261648564e-02,1.053763440860215062e-01
8.745519713261648564e-02,1.075268817204301092e-01
8.817204301075268202e-02,1.075268817204301092e-01
8.817204301075268202e-02,1.096774193548387122e-01
8.960573476702508866e-02,1.096774193548387122e-01
8.960573476702508866e-02,1.118279569892473152e-01
9.103942652329749530e-02,1.118279569892473152e-01
9.103942652329749530e-02,1.139784946236559182e-01
9.390681003584229469e-02,1.139784946236559182e-01
9.390681003584229469e-02,1.161290322580645212e-01
9.677419354838709409e-02,1.161290322580645212e-01
9.677419354838709409e-02,1.182795698924731242e-01
1.125448028673835116e-01,1.182795698924731242e-01
1.125448028673835116e-01,1.204301075268817273e-01
1.132616487455197080e-01,1.204301075268817273e-01
1.132616487455197080e-01,1.225806451612903164e-01
1.168458781362007176e-01,1.225806451612903164e-01
1.168458781362007176e-01,1.268817204301075363e-01
1.175627240143369140e-01,1.268817204301075363e-01
1.175627240143369140e-01,1.290322580645161255e-01
1.182795698924731242e-01,1.290322580645161255e-01
1.182795698924731242e-01,1.311827956989247423e-01
1.197132616487455170e-01,1.311827956989247423e-01
1.197132616487455170e-01,1.333333333333333315e-01
1.204301075268817273e-01,1.333333333333333315e-01
1.204301075268817273e-01,1.354838709677419484e-01
1.225806451612903164e-01,1.354838709677419484e-01
1.225806451612903164e-01,1.397849462365591267e-01
1.232974910394265267e-01,1.397849462365591267e-01
1.232974910394265267e-01,1.419354838709677435e-01
1.240143369175627230e-01,1.419354838709677435e-01
1.240143369175627230e-01,1.440860215053763327e-01
1.261648745519713399e-01,1.440860215053763327e-01
1.275985663082437327e-01,1.440860215053763327e-01
1.318996415770609387e-01,1.440860215053763327e-01
1.318996415770609387e-01,1.462365591397849496e-01
1.326164874551971351e-01,1.462365591397849496e-01
1.326164874551971351e-01,1.526881720430107447e-01
1.333333333333333315e-01,1.526881720430107447e-01
1.333333333333333315e-01,1.569892473118279508e-01
1.376344086021505375e-01,1.569892473118279508e-01
1.376344086021505375e-01,1.591397849462365677e-01
1.390681003584229303e-01,1.591397849462365677e-01
1.390681003584229303e-01,1.612903225806451568e-01
1.433691756272401363e-01,1.612903225806451568e-01
1.433691756272401363e-01,1.634408602150537737e-01
1.440860215053763327e-01,1.634408602150537737e-01
1.440860215053763327e-01,1.677419354838709797e-01
1.448028673835125568e-01,1.677419354838709797e-01
1.448028673835125568e-01,1.698924731182795689e-01
1.462365591397849496e-01,1.698924731182795689e-01
1.462365591397849496e-01,1.720430107526881858e-01
1.469534050179211460e-01,1.720430107526881858e-01
1.469534050179211460e-01,1.763440860215053640e-01
1.483870967741935387e-01,1.763440860215053640e-01
1.483870967741935387e-01,1.827956989247311870e-01
1.505376344086021556e-01,1.827956989247311870e-01
1.505376344086021556e-01,1.870967741935483930e-01
1.534050179211469411e-01,1.870967741935483930e-01
1.534050179211469411e-01,1.892473118279569821e-01
1.584229390681003713e-01,1.892473118279569821e-01
1.584229390681003713e-01,1.913978494623655990e-01
1.591397849462365677e-01,1.913978494623655990e-01
1.591397849462365677e-01,1.935483870967741882e-01
1.598566308243727641e-01,1.935483870967741882e-01
1.598566308243727641e-01,1.956989247311828051e-01
1.648745519713261665e-01,1.956989247311828051e-01
1.648745519713261665e-01,1.978494623655913942e-01
1.670250896057347556e-01,1.978494623655913942e-01
1.670250896057347556e-01,2.000000000000000111e-01
1.706093189964157653e-01,2.000000000000000111e-01
1.706093189964157653e-01,2.043010752688172171e-01
1.734767025089605785e-01,2.043010752688172171e-01
1.734767025089605785e-01,2.064516129032258063e-01
1.741935483870967749e-01,2.064516129032258063e-01
1.741935483870967749e-01,2.086021505376343954e-01
1.756272401433691677e-01,2.086021505376343954e-01
1.756272401433691677e-01,2.107526881720430123e-01
1.777777777777777846e-01,2.107526881720430123e-01
1.777777777777777846e-01,2.129032258064516014e-01
1.820788530465949906e-01,2.129032258064516014e-01
1.820788530465949906e-01,2.150537634408602183e-01
1.835125448028673834e-01,2.150537634408602183e-01
1.835125448028673834e-01,2.193548387096774244e-01
1.863799283154121966e-01,2.193548387096774244e-01
1.863799283154121966e-01,2.215053763440860135e-01
1.878136200716845894e-01,2.215053763440860135e-01
1.878136200716845894e-01,2.236559139784946304e-01
1.892473118279569821e-01,2.236559139784946304e-01
1.892473118279569821e-01,2.258064516129032195e-01
1.906810035842294027e-01,2.258064516129032195e-01
1.956989247311828051e-01,2.258064516129032195e-01
1.956989247311828051e-01,2.279569892473118364e-01
1.971326164874551978e-01,2.279569892473118364e-01
1.985663082437275906e-01,2.279569892473118364e-01
2.000000000000000111e-01,2.279569892473118364e-01
2.000000000000000111e-01,2.301075268817204256e-01
2.007168458781362075e-01,2.301075268817204256e-01
2.007168458781362075e-01,2.322580645161290425e-01
2.021505376344086002e-01,2.322580645161290425e-01
2.050179211469534135e-01,2.322580645161290425e-01
2.050179211469534135e-01,2.344086021505376316e-01
2.071684587813620027e-01,2.344086021505376316e-01
2.071684587813620027e-01,2.365591397849462485e-01
2.129032258064516014e-01,2.365591397849462485e-01
2.129032258064516014e-01,2.387096774193548376e-01
2.136200716845878256e-01,2.387096774193548376e-01
2.136200716845878256e-01,2.408602150537634545e-01
2.150537634408602183e-01,2.408602150537634545e-01
2.150537634408602183e-01,2.430107526881720437e-01
2.164874551971326111e-01,2.430107526881720437e-01
2.179211469534050316e-01,2.430107526881720437e-01
2.186379928315412280e-01,2.430107526881720437e-01
2.186379928315412280e-01,2.473118279569892497e-01
2.215053763440860135e-01,2.473118279569892497e-01
2.215053763440860135e-01,2.494623655913978388e-01
2.222222222222222099e-01,2.494623655913978388e-01
2.222222222222222099e-01,2.623655913978494847e-01
2.229390681003584340e-01,2.623655913978494847e-01
2.229390681003584340e-01,2.645161290322580738e-01
2.250896057347670232e-01,2.645161290322580738e-01
2.250896057347670232e-01,2.666666666666666630e-01
2.286738351254480328e-01,2.666666666666666630e-01
2.286738351254480328e-01,2.688172043010752521e-01
2.293906810035842292e-01,2.688172043010752521e-01
2.293906810035842292e-01,2.709677419354838968e-01
2.322580645161290425e-01,2.709677419354838968e-01
2.322580645161290425e-01,2.731182795698924859e-01
2.365591397849462485e-01,2.731182795698924859e-01
2.365591397849462485e-01,2.752688172043010750e-01
2.401433691756272304e-01,2.752688172043010750e-01
2.401433691756272304e-01,2.774193548387096642e-01
2.415770609318996509e-01,2.774193548387096642e-01
2.415770609318996509e-01,2.817204301075268980e-01
2.430107526881720437e-01,2.817204301075268980e-01
2.430107526881720437e-01,2.860215053763440762e-01
2.437275985663082400e-01,2.860215053763440762e-01
2.437275985663082400e-01,2.881720430107526654e-01
2.458781362007168569e-01,2.881720430107526654e-01
2.458781362007168569e-01,2.903225806451613100e-01
2.480286738351254461e-01,2.903225806451613100e-01
2.480286738351254461e-01,2.946236559139784883e-01
2.516129032258064280e-01,2.946236559139784883e-01
2.516129032258064280e-01,2.967741935483870774e-01
2.523297491039426799e-01,2.967741935483870774e-01
2.523297491039426799e-01,2.989247311827957221e-01
2.573476702508960545e-01,2.989247311827957221e-01
2.573476702508960545e-01,3.032258064516129004e-01
2.580645161290322509e-01,3.032258064516129004e-01
2.580645161290322509e-01,3.053763440860214895e-01
2.645161290322580738e-01,3.053763440860214895e-01
2.645161290322580738e-01,3.075268817204301341e-01
2.652329749103942702e-01,3.075268817204301341e-01
2.652329749103942702e-01,3.096774193548387233e-01
2.659498207885304666e-01,3.096774193548387233e-01
2.659498207885304666e-01,3.118279569892473124e-01
2.666666666666666630e-01,3.118279569892473124e-01
2.666666666666666630e-01,3.161290322580644907e-01
2.724014336917562895e-01,3.161290322580644907e-01
2.738351254480286823e-01,3.161290322580644907e-01
2.745519713261648787e-01,3.161290322580644907e-01
2.745519713261648787e-01,3.182795698924731354e-01
2.759856630824372714e-01,3.182795698924731354e-01
2.759856630824372714e-01,3.225806451612903136e-01
2.774193548387096642e-01,3.225806451612903136e-01
2.774193548387096642e-01,3.247311827956989028e-01
2.817204301075268980e-01,3.247311827956989028e-01
2.817204301075268980e-01,3.268817204301075474e-01
2.824372759856630943e-01,3.268817204301075474e-01
2.824372759856630943e-01,3.311827956989247257e-01
2.831541218637992907e-01,3.311827956989247257e-01
2.831541218637992907e-01,3.333333333333333148e-01
2.845878136200716835e-01,3.333333333333333148e-01
2.845878136200716835e-01,3.397849462365591378e-01
2.853046594982078799e-01,3.397849462365591378e-01
2.853046594982078799e-01,3.419354838709677269e-01
2.867383512544802726e-01,3.419354838709677269e-01
2.867383512544802726e-01,3.440860215053763715e-01
2.896057347670251136e-01,3.440860215053763715e-01
2.896057347670251136e-01,3.462365591397849607e-01
2.917562724014337028e-01,3.462365591397849607e-01
2.917562724014337028e-01,3.505376344086021390e-01
2.931899641577060955e-01,3.505376344086021390e-01
2.931899641577060955e-01,3.526881720430107281e-01
2.946236559139784883e-01,3.526881720430107281e-01
2.946236559139784883e-01,3.548387096774193727e-01
2.967741935483870774e-01,3.548387096774193727e-01
2.967741935483870774e-01,3.591397849462365510e-01
2.974910394265232738e-01,3.591397849462365510e-01
2.974910394265232738e-01,3.612903225806451402e-01
2.982078853046595257e-01,3.612903225806451402e-01
2.982078853046595257e-01,3.634408602150537848e-01
2.989247311827957221e-01,3.634408602150537848e-01
2.989247311827957221e-01,3.677419354838709631e-01
3.010752688172043112e-01,3.677419354838709631e-01
3.010752688172043112e-01,3.720430107526881969e-01
3.032258064516129004e-01,3.720430107526881969e-01
3.032258064516129004e-01,3.741935483870967860e-01
3.053763440860214895e-01,3.741935483870967860e-01
3.053763440860214895e-01,3.763440860215053752e-01
3.068100358422938823e-01,3.763440860215053752e-01
3.082437275985663305e-01,3.763440860215053752e-01
3.103942652329749197e-01,3.763440860215053752e-01
3.103942652329749197e-01,3.806451612903225534e-01
3.125448028673835088e-01,3.806451612903225534e-01
3.125448028673835088e-01,3.827956989247311981e-01
3.175627240143369390e-01,3.827956989247311981e-01
3.175627240143369390e-01,3.849462365591397872e-01
3.232974910394265100e-01,3.849462365591397872e-01
3.232974910394265100e-01,3.870967741935483764e-01
3.261648745519713510e-01,3.870967741935483764e-01
3.261648745519713510e-01,3.892473118279569655e-01
3.275985663082437438e-01,3.892473118279569655e-01
3.275985663082437438e-01,3.913978494623656101e-01
3.311827956989247257e-01,3.913978494623656101e-01
3.311827956989247257e-01,3.978494623655913776e-01
3.333333333333333148e-01,3.978494623655913776e-01
3.333333333333333148e-01,4.000000000000000222e-01
3.369175627240143522e-01,4.000000000000000222e-01
3.369175627240143522e-01,4.043010752688172005e-01
3.383512544802867450e-01,4.043010752688172005e-01
3.390681003584229414e-01,4.043010752688172005e-01
3.390681003584229414e-01,4.064516129032257896e-01
3.405017921146953341e-01,4.064516129032257896e-01
3.405017921146953341e-01,4.086021505376344343e-01
3.491039426523297462e-01,4.086021505376344343e-01
3.491039426523297462e-01,4.129032258064516125e-01
3.548387096774193727e-01,4.129032258064516125e-01
3.548387096774193727e-01,4.150537634408602017e-01
3.555555555555555691e-01,4.150537634408602017e-01
3.555555555555555691e-01,4.172043010752687908e-01
3.598566308243727474e-01,4.172043010752687908e-01
3.598566308243727474e-01,4.193548387096774355e-01
3.627240143369175884e-01,4.193548387096774355e-01
3.627240143369175884e-01,4.215053763440860246e-01
3.634408602150537848e-01,4.215053763440860246e-01
3.634408602150537848e-01,4.258064516129032029e-01
3.641577060931899812e-01,4.258064516129032029e-01
3.641577060931899812e-01,4.279569892473118475e-01
3.655913978494623739e-01,4.279569892473118475e-01
3.655913978494623739e-01,4.344086021505376149e-01
3.698924731182795522e-01,4.344086021505376149e-01
3.698924731182795522e-01,4.387096774193548487e-01
3.706093189964157486e-01,4.387096774193548487e-01
3.706093189964157486e-01,4.430107526881720270e-01
3.734767025089605896e-01,4.430107526881720270e-01
3.734767025089605896e-01,4.473118279569892608e-01
3.763440860215053752e-01,4.473118279569892608e-01
3.763440860215053752e-01,4.494623655913978499e-01
3.813620071684588053e-01,4.494623655913978499e-01
3.813620071684588053e-01,4.537634408602150282e-01
3.827956989247311981e-01,4.537634408602150282e-01
3.827956989247311981e-01,4.602150537634408511e-01
3.842293906810035908e-01,4.602150537634408511e-01
3.842293906810035908e-01,4.645161290322580849e-01
3.856630824372759836e-01,4.645161290322580849e-01
3.856630824372759836e-01,4.666666666666666741e-01
3.878136200716845727e-01,4.666666666666666741e-01
3.878136200716845727e-01,4.709677419354838523e-01
3.885304659498207691e-01,4.709677419354838523e-01
3.885304659498207691e-01,4.731182795698924970e-01
3.906810035842294138e-01,4.731182795698924970e-01
3.906810035842294138e-01,4.752688172043010861e-01
3.913978494623656101e-01,4.752688172043010861e-01
3.913978494623656101e-01,4.795698924731182644e-01
3.921146953405018065e-01,4.795698924731182644e-01
3.921146953405018065e-01,4.817204301075269091e-01
3.956989247311827884e-01,4.817204301075269091e-01
3.956989247311827884e-01,4.860215053763440873e-01
3.978494623655913776e-01,4.860215053763440873e-01
3.978494623655913776e-01,4.881720430107526765e-01
4.014336917562724150e-01,4.881720430107526765e-01
4.014336917562724150e-01,4.903225806451612656e-01
4.035842293906810041e-01,4.903225806451612656e-01
4.035842293906810041e-01,4.924731182795699103e-01
4.043010752688172005e-01,4.924731182795699103e-01
4.043010752688172005e-01,4.946236559139784994e-01
4.071684587813619860e-01,4.946236559139784994e-01
4.071684587813619860e-01,4.967741935483870885e-01
4.114695340501792198e-01,4.967741935483870885e-01
4.114695340501792198e-01,4.989247311827956777e-01
4.129032258064516125e-01,4.989247311827956777e-01
4.129032258064516125e-01,5.032258064516128560e-01
4.143369175627240053e-01,5.032258064516128560e-01
4.143369175627240053e-01,5.053763440860215006e-01
4.236559139784946137e-01,5.053763440860215006e-01
4.236559139784946137e-01,5.096774193548386789e-01
4.243727598566308101e-01,5.096774193548386789e-01
4.243727598566308101e-01,5.118279569892473235e-01
4.286738351254480439e-01,5.118279569892473235e-01
4.286738351254480439e-01,5.139784946236559682e-01
4.351254480286738113e-01,5.139784946236559682e-01
4.351254480286738113e-01,5.161290322580645018e-01
4.372759856630824560e-01,5.161290322580645018e-01
4.372759856630824560e-01,5.204301075268816801e-01
4.387096774193548487e-01,5.204301075268816801e-01
4.387096774193548487e-01,5.268817204301075030e-01
4.408602150537634379e-01,5.268817204301075030e-01
4.408602150537634379e-01,5.290322580645161477e-01
4.437275985663082234e-01,5.290322580645161477e-01
4.437275985663082234e-01,5.311827956989246813e-01
4.451612903225806717e-01,5.311827956989246813e-01
4.451612903225806717e-01,5.333333333333333259e-01
4.487455197132616536e-01,5.333333333333333259e-01
4.487455197132616536e-01,5.354838709677419706e-01
4.508960573476702427e-01,5.354838709677419706e-01
4.508960573476702427e-01,5.397849462365591489e-01
4.530465949820788318e-01,5.397849462365591489e-01
4.530465949820788318e-01,5.419354838709677935e-01
4.559139784946236729e-01,5.419354838709677935e-01
4.559139784946236729e-01,5.462365591397849718e-01
4.580645161290322620e-01,5.462365591397849718e-01
4.580645161290322620e-01,5.483870967741935054e-01
4.587813620071684584e-01,5.483870967741935054e-01
4.587813620071684584e-01,5.569892473118279730e-01
4.594982078853046548e-01,5.569892473118279730e-01
4.594982078853046548e-01,5.591397849462365066e-01
4.602150537634408511e-01,5.591397849462365066e-01
4.602150537634408511e-01,5.612903225806451513e-01
4.616487455197132439e-01,5.612903225806451513e-01
4.623655913978494403e-01,5.612903225806451513e-01
4.623655913978494403e-01,5.634408602150537959e-01
4.637992831541218886e-01,5.634408602150537959e-01
4.637992831541218886e-01,5.655913978494623295e-01
4.666666666666666741e-01,5.655913978494623295e-01
4.666666666666666741e-01,5.677419354838709742e-01
4.731182795698924970e-01,5.677419354838709742e-01
4.731182795698924970e-01,5.741935483870967971e-01
4.738351254480286934e-01,5.741935483870967971e-01
4.738351254480286934e-01,5.763440860215053307e-01
4.752688172043010861e-01,5.763440860215053307e-01
4.752688172043010861e-01,5.806451612903226200e-01
4.759856630824372825e-01,5.806451612903226200e-01
4.759856630824372825e-01,5.849462365591397983e-01
4.802867383512544608e-01,5.849462365591397983e-01
4.802867383512544608e-01,5.870967741935483319e-01
4.817204301075269091e-01,5.870967741935483319e-01
4.817204301075269091e-01,5.892473118279569766e-01
4.838709677419354982e-01,5.892473118279569766e-01
4.838709677419354982e-01,5.956989247311827995e-01
4.917562724014337139e-01,5.956989247311827995e-01
4.917562724014337139e-01,5.978494623655914442e-01
4.924731182795699103e-01,5.978494623655914442e-01
4.924731182795699103e-01,5.999999999999999778e-01
4.982078853046594813e-01,5.999999999999999778e-01
4.982078853046594813e-01,6.021505376344086224e-01
5.025089605734767151e-01,6.021505376344086224e-01
5.025089605734767151e-01,6.043010752688171561e-01
5.053763440860215006e-01,6.043010752688171561e-01
5.053763440860215006e-01,6.064516129032258007e-01
5.096774193548386789e-01,6.064516129032258007e-01
5.096774193548386789e-01,6.086021505376344454e-01
5.132616487455197163e-01,6.086021505376344454e-01
5.132616487455197163e-01,6.107526881720429790e-01
5.154121863799283609e-01,6.107526881720429790e-01
5.154121863799283609e-01,6.129032258064516236e-01
5.182795698924731465e-01,6.129032258064516236e-01
5.182795698924731465e-01,6.150537634408602683e-01
5.218637992831540728e-01,6.150537634408602683e-01
5.232974910394265766e-01,6.150537634408602683e-01
5.275985663082437549e-01,6.150537634408602683e-01
5.275985663082437549e-01,6.172043010752688019e-01
5.290322580645161477e-01,6.172043010752688019e-01
5.290322580645161477e-01,6.193548387096774466e-01
5.311827956989246813e-01,6.193548387096774466e-01
5.311827956989246813e-01,6.215053763440859802e-01
5.318996415770609332e-01,6.215053763440859802e-01
5.318996415770609332e-01,6.236559139784946248e-01
5.354838709677419706e-01,6.236559139784946248e-01
5.354838709677419706e-01,6.258064516129032695e-01
5.362007168458781114e-01,6.258064516129032695e-01
5.362007168458781114e-01,6.322580645161289814e-01
5.390681003584228970e-01,6.322580645161289814e-01
5.390681003584228970e-01,6.344086021505376261e-01
5.397849462365591489e-01,6.344086021505376261e-01
5.397849462365591489e-01,6.365591397849462707e-01
5.412186379928315416e-01,6.365591397849462707e-01
5.412186379928315416e-01,6.430107526881720936e-01
5.426523297491039344e-01,6.430107526881720936e-01
5.426523297491039344e-01,6.451612903225806273e-01
5.433691756272401863e-01,6.451612903225806273e-01
5.433691756272401863e-01,6.494623655913978055e-01
5.548387096774193283e-01,6.494623655913978055e-01
5.548387096774193283e-01,6.516129032258064502e-01
5.577060931899641139e-01,6.516129032258064502e-01
5.577060931899641139e-01,6.537634408602150948e-01
5.598566308243727585e-01,6.537634408602150948e-01
5.598566308243727585e-01,6.559139784946236285e-01
5.663082437275985814e-01,6.559139784946236285e-01
5.663082437275985814e-01,6.602150537634408067e-01
5.677419354838709742e-01,6.602150537634408067e-01
5.677419354838709742e-01,6.623655913978494514e-01
5.691756272401433669e-01,6.623655913978494514e-01
5.706093189964157597e-01,6.623655913978494514e-01
5.713261648745520116e-01,6.623655913978494514e-01
5.713261648745520116e-01,6.645161290322580960e-01
5.770609318996415826e-01,6.645161290322580960e-01
5.770609318996415826e-01,6.666666666666666297e-01
5.799283154121863681e-01,6.666666666666666297e-01
5.799283154121863681e-01,6.688172043010752743e-01
5.827956989247311537e-01,6.688172043010752743e-01
5.827956989247311537e-01,6.709677419354839190e-01
5.878136200716845838e-01,6.709677419354839190e-01
5.878136200716845838e-01,6.731182795698924526e-01
5.899641577060932285e-01,6.731182795698924526e-01
5.899641577060932285e-01,6.752688172043010972e-01
5.921146953405017621e-01,6.752688172043010972e-01
5.921146953405017621e-01,6.774193548387096309e-01
5.935483870967741549e-01,6.774193548387096309e-01
5.935483870967741549e-01,6.817204301075269202e-01
5.956989247311827995e-01,6.817204301075269202e-01
5.956989247311827995e-01,6.838709677419354538e-01
5.978494623655914442e-01,6.838709677419354538e-01
5.978494623655914442e-01,6.860215053763440984e-01
5.992831541218638369e-01,6.860215053763440984e-01
5.992831541218638369e-01,6.881720430107527431e-01
5.999999999999999778e-01,6.881720430107527431e-01
5.999999999999999778e-01,6.903225806451612767e-01
6.050179211469534080e-01,6.903225806451612767e-01
6.050179211469534080e-01,6.924731182795699214e-01
6.078853046594981935e-01,6.924731182795699214e-01
6.078853046594981935e-01,6.967741935483870996e-01
6.129032258064516236e-01,6.967741935483870996e-01
6.129032258064516236e-01,6.989247311827957443e-01
6.136200716845877645e-01,6.989247311827957443e-01
6.136200716845877645e-01,7.010752688172042779e-01
6.193548387096774466e-01,7.010752688172042779e-01
6.193548387096774466e-01,7.032258064516129226e-01
6.236559139784946248e-01,7.032258064516129226e-01
6.236559139784946248e-01,7.053763440860214562e-01
6.243727598566308767e-01,7.053763440860214562e-01
6.243727598566308767e-01,7.075268817204301008e-01
6.250896057347670176e-01,7.075268817204301008e-01
6.250896057347670176e-01,7.096774193548387455e-01
6.301075268817204478e-01,7.096774193548387455e-01
6.301075268817204478e-01,7.118279569892472791e-01
6.344086021505376261e-01,7.118279569892472791e-01
6.344086021505376261e-01,7.139784946236559238e-01
6.351254480286738779e-01,7.139784946236559238e-01
6.351254480286738779e-01,7.161290322580645684e-01
6.358422939068100188e-01,7.161290322580645684e-01
6.358422939068100188e-01,7.182795698924731020e-01
6.451612903225806273e-01,7.182795698924731020e-01
6.451612903225806273e-01,7.225806451612902803e-01
6.465949820788530200e-01,7.225806451612902803e-01
6.465949820788530200e-01,7.247311827956989250e-01
6.508960573476701983e-01,7.247311827956989250e-01
6.508960573476701983e-01,7.268817204301075696e-01
6.516129032258064502e-01,7.268817204301075696e-01
6.530465949820788429e-01,7.268817204301075696e-01
6.530465949820788429e-01,7.290322580645161032e-01
6.566308243727598803e-01,7.290322580645161032e-01
6.566308243727598803e-01,7.311827956989247479e-01
6.637992831541218441e-01,7.311827956989247479e-01
6.637992831541218441e-01,7.333333333333332815e-01
6.702508960573476671e-01,7.333333333333332815e-01
6.702508960573476671e-01,7.397849462365591044e-01
6.724014336917563117e-01,7.397849462365591044e-01
6.724014336917563117e-01,7.419354838709677491e-01
6.738351254480287045e-01,7.419354838709677491e-01
6.738351254480287045e-01,7.440860215053763937e-01
6.767025089605734900e-01,7.440860215053763937e-01
6.767025089605734900e-01,7.462365591397849274e-01
6.810035842293906683e-01,7.462365591397849274e-01
6.810035842293906683e-01,7.483870967741935720e-01
6.860215053763440984e-01,7.483870967741935720e-01
6.860215053763440984e-01,7.505376344086021057e-01
6.939068100358423141e-01,7.505376344086021057e-01
6.939068100358423141e-01,7.526881720430107503e-01
6.953405017921147069e-01,7.526881720430107503e-01
6.953405017921147069e-01,7.612903225806451069e-01
6.967741935483870996e-01,7.612903225806451069e-01
6.967741935483870996e-01,7.634408602150537515e-01
6.982078853046594924e-01,7.634408602150537515e-01
6.982078853046594924e-01,7.655913978494623962e-01
7.017921146953405298e-01,7.655913978494623962e-01
7.017921146953405298e-01,7.677419354838709298e-01
7.046594982078853153e-01,7.677419354838709298e-01
7.046594982078853153e-01,7.720430107526882191e-01
7.068100358422939600e-01,7.720430107526882191e-01
7.068100358422939600e-01,7.741935483870967527e-01
7.082437275985663527e-01,7.741935483870967527e-01
7.082437275985663527e-01,7.763440860215053974e-01
7.125448028673835310e-01,7.763440860215053974e-01
7.125448028673835310e-01,7.784946236559139310e-01
7.132616487455196719e-01,7.784946236559139310e-01
7.132616487455196719e-01,7.806451612903225756e-01
7.204301075268817467e-01,7.806451612903225756e-01
7.204301075268817467e-01,7.849462365591397539e-01
7.304659498207884960e-01,7.849462365591397539e-01
7.304659498207884960e-01,7.870967741935483986e-01
7.311827956989247479e-01,7.870967741935483986e-01
7.311827956989247479e-01,7.892473118279570432e-01
7.376344086021505708e-01,7.892473118279570432e-01
7.376344086021505708e-01,7.913978494623655768e-01
7.397849462365591044e-01,7.913978494623655768e-01
7.397849462365591044e-01,7.935483870967742215e-01
7.440860215053763937e-01,7.935483870967742215e-01
7.440860215053763937e-01,7.956989247311827551e-01
7.455197132616487865e-01,7.956989247311827551e-01
7.455197132616487865e-01,7.978494623655913998e-01
7.498207885304659648e-01,7.978494623655913998e-01
7.498207885304659648e-01,8.000000000000000444e-01
7.555555555555555358e-01,8.000000000000000444e-01
7.555555555555555358e-01,8.021505376344085780e-01
7.569892473118279286e-01,8.021505376344085780e-01
7.569892473118279286e-01,8.043010752688172227e-01
7.584229390681003213e-01,8.043010752688172227e-01
7.584229390681003213e-01,8.064516129032257563e-01
7.691756272401433225e-01,8.064516129032257563e-01
7.691756272401433225e-01,8.086021505376344010e-01
7.698924731182795744e-01,8.086021505376344010e-01
7.698924731182795744e-01,8.107526881720430456e-01
7.734767025089606118e-01,8.107526881720430456e-01
7.734767025089606118e-01,8.129032258064515792e-01
7.777777777777777901e-01,8.129032258064515792e-01
7.777777777777777901e-01,8.150537634408602239e-01
7.799283154121864348e-01,8.150537634408602239e-01
7.799283154121864348e-01,8.172043010752688685e-01
7.835125448028673611e-01,8.172043010752688685e-01
7.835125448028673611e-01,8.193548387096774022e-01
7.863799283154121467e-01,8.193548387096774022e-01
7.863799283154121467e-01,8.215053763440860468e-01
7.870967741935483986e-01,8.215053763440860468e-01
7.870967741935483986e-01,8.236559139784945804e-01
7.906810035842294360e-01,8.236559139784945804e-01
7.906810035842294360e-01,8.258064516129032251e-01
7.978494623655913998e-01,8.258064516129032251e-01
7.978494623655913998e-01,8.279569892473118697e-01
7.992831541218637925e-01,8.279569892473118697e-01
7.992831541218637925e-01,8.322580645161290480e-01
8.100358422939067937e-01,8.322580645161290480e-01
8.100358422939067937e-01,8.365591397849462263e-01
8.136200716845878311e-01,8.365591397849462263e-01
8.136200716845878311e-01,8.387096774193548709e-01
8.157706093189963648e-01,8.387096774193548709e-01
8.157706093189963648e-01,8.408602150537634046e-01
8.179211469534050094e-01,8.408602150537634046e-01
8.179211469534050094e-01,8.430107526881720492e-01
8.186379928315412613e-01,8.430107526881720492e-01
8.186379928315412613e-01,8.451612903225806939e-01
8.207885304659497949e-01,8.451612903225806939e-01
8.207885304659497949e-01,8.494623655913978721e-01
8.215053763440860468e-01,8.494623655913978721e-01
8.215053763440860468e-01,8.516129032258064058e-01
8.250896057347669732e-01,8.516129032258064058e-01
8.250896057347669732e-01,8.537634408602150504e-01
8.293906810035842625e-01,8.537634408602150504e-01
8.293906810035842625e-01,8.602150537634408733e-01
8.322580645161290480e-01,8.602150537634408733e-01
8.322580645161290480e-01,8.623655913978494070e-01
8.344086021505375816e-01,8.623655913978494070e-01
8.344086021505375816e-01,8.645161290322580516e-01
8.351254480286738335e-01,8.645161290322580516e-01
8.351254480286738335e-01,8.688172043010752299e-01
8.379928315412186191e-01,8.688172043010752299e-01
8.379928315412186191e-01,8.709677419354838745e-01
8.394265232974910118e-01,8.709677419354838745e-01
8.394265232974910118e-01,8.752688172043010528e-01
8.401433691756272637e-01,8.752688172043010528e-01
8.415770609318996565e-01,8.752688172043010528e-01
8.415770609318996565e-01,8.817204301075268758e-01
8.437275985663081901e-01,8.817204301075268758e-01
8.437275985663081901e-01,8.838709677419355204e-01
8.465949820788530866e-01,8.838709677419355204e-01
8.465949820788530866e-01,8.903225806451613433e-01
8.473118279569892275e-01,8.903225806451613433e-01
8.473118279569892275e-01,8.946236559139785216e-01
8.487455197132616203e-01,8.946236559139785216e-01
8.487455197132616203e-01,8.967741935483870552e-01
8.516129032258064058e-01,8.967741935483870552e-01
8.516129032258064058e-01,8.989247311827956999e-01
8.587813620071684806e-01,8.989247311827956999e-01
8.587813620071684806e-01,9.010752688172043445e-01
8.594982078853046215e-01,9.010752688172043445e-01
8.594982078853046215e-01,9.032258064516128782e-01
8.688172043010752299e-01,9.032258064516128782e-01
8.688172043010752299e-01,9.075268817204300564e-01
8.745519713261649120e-01,9.075268817204300564e-01
8.745519713261649120e-01,9.096774193548387011e-01
8.781362007168458383e-01,9.096774193548387011e-01
8.781362007168458383e-01,9.204301075268817023e-01
8.867383512544803059e-01,9.204301075268817023e-01
8.867383512544803059e-01,9.225806451612903469e-01
8.888888888888888395e-01,9.225806451612903469e-01
8.888888888888888395e-01,9.247311827956988806e-01
8.939068100358422697e-01,9.247311827956988806e-01
8.939068100358422697e-01,9.268817204301075252e-01
8.989247311827956999e-01,9.268817204301075252e-01
8.989247311827956999e-01,9.290322580645161699e-01
8.996415770609319518e-01,9.290322580645161699e-01
8.996415770609319518e-01,9.311827956989247035e-01
9.032258064516128782e-01,9.311827956989247035e-01
9.032258064516128782e-01,9.333333333333333481e-01
9.082437275985663083e-01,9.333333333333333481e-01
9.082437275985663083e-01,9.354838709677418818e-01
9.096774193548387011e-01,9.354838709677418818e-01
9.096774193548387011e-01,9.376344086021505264e-01
9.103942652329749530e-01,9.376344086021505264e-01
9.118279569892473457e-01,9.376344086021505264e-01
9.146953405017921312e-01,9.376344086021505264e-01
9.146953405017921312e-01,9.419354838709677047e-01
9.154121863799282721e-01,9.419354838709677047e-01
9.154121863799282721e-01,9.440860215053763493e-01
9.204301075268817023e-01,9.440860215053763493e-01
9.204301075268817023e-01,9.505376344086021723e-01
9.218637992831540950e-01,9.505376344086021723e-01
9.218637992831540950e-01,9.526881720430107059e-01
9.225806451612903469e-01,9.526881720430107059e-01
9.225806451612903469e-01,9.548387096774193505e-01
9.290322580645161699e-01,9.548387096774193505e-01
9.290322580645161699e-01,9.569892473118279952e-01
9.311827956989247035e-01,9.569892473118279952e-01
9.311827956989247035e-01,9.591397849462365288e-01
9.354838709677418818e-01,9.591397849462365288e-01
9.354838709677418818e-01,9.655913978494623517e-01
9.369175627240143855e-01,9.655913978494623517e-01
9.369175627240143855e-01,9.677419354838709964e-01
9.376344086021505264e-01,9.677419354838709964e-01
9.376344086021505264e-01,9.698924731182795300e-01
9.397849462365591711e-01,9.698924731182795300e-01
9.397849462365591711e-01,9.741935483870968193e-01
9.405017921146953119e-01,9.741935483870968193e-01
9.419354838709677047e-01,9.741935483870968193e-01
9.469534050179211349e-01,9.741935483870968193e-01
9.469534050179211349e-01,9.763440860215053529e-01
9.483870967741935276e-01,9.763440860215053529e-01
9.483870967741935276e-01,9.784946236559139976e-01
9.505376344086021723e-01,9.784946236559139976e-01
9.505376344086021723e-01,9.806451612903225312e-01
9.584229390681003879e-01,9.806451612903225312e-01
9.584229390681003879e-01,9.827956989247311759e-01
9.598566308243727807e-01,9.827956989247311759e-01
9.598566308243727807e-01,9.849462365591398205e-01
9.634408602150538181e-01,9.849462365591398205e-01
9.634408602150538181e-01,9.870967741935483541e-01
9.648745519713262109e-01,9.870967741935483541e-01
9.648745519713262109e-01,9.892473118279569988e-01
9.749103942652329602e-01,9.892473118279569988e-01
9.749103942652329602e-01,9.913978494623656434e-01
9.770609318996416048e-01,9.913978494623656434e-01
9.770609318996416048e-01,9.935483870967741771e-01
9.928315412186380362e-01,9.935483870967741771e-01
9.928315412186380362e-01,9.956989247311828217e-01
9.942652329749104290e-01,9.956989247311828217e-01
9.942652329749104290e-01,9.978494623655913554e-01
9.971326164874552145e-01,9.978494623655913554e-01
9.971326164874552145e-01,1.000000000000000000e+00
1.000000000000000000e+00,1.000000000000000000e+00
