FPR,TPR
0.000000000000000000e+00,0.000000000000000000e+00
0.000000000000000000e+00,3.623188405797101493e-03
1.636661211129296313e-03,3.623188405797101493e-03
1.636661211129296313e-03,7.246376811594202987e-03
3.273322422258592625e-03,7.246376811594202987e-03
3.273322422258592625e-03,1.086956521739130405e-02
4.091653027823240890e-03,1.086956521739130405e-02
4.091653027823240890e-03,1.449275362318840597e-02
9.001636661211129611e-03,1.449275362318840597e-02
9.001636661211129611e-03,1.811594202898550790e-02
9.819967266775777442e-03,1.811594202898550790e-02
9.819967266775777442e-03,2.173913043478260809e-02
1.472995090016366616e-02,2.173913043478260809e-02
1.472995090016366616e-02,2.536231884057971175e-02
1.882160392798690532e-02,2.536231884057971175e-02
1.882160392798690532e-02,2.898550724637681195e-02
2.373158756137479578e-02,2.898550724637681195e-02
2.373158756137479578e-02,3.260869565217391214e-02
2.700490998363338710e-02,3.260869565217391214e-02
2.700490998363338710e-02,3.623188405797101580e-02
3.027823240589198189e-02,3.623188405797101580e-02
3.027823240589198189e-02,3.985507246376811252e-02
3.191489361702127409e-02,3.985507246376811252e-02
3.191489361702127409e-02,4.347826086956521618e-02
3.355155482815057322e-02,4.347826086956521618e-02
3.355155482815057322e-02,4.710144927536231985e-02
3.600654664484451845e-02,4.710144927536231985e-02
3.600654664484451845e-02,5.072463768115942351e-02
3.764320785597381064e-02,5.072463768115942351e-02
3.764320785597381064e-02,5.434782608695652023e-02
3.846153846153846367e-02,5.434782608695652023e-02
3.846153846153846367e-02,6.159420289855072755e-02
4.009819967266775587e-02,6.159420289855072755e-02
4.009819967266775587e-02,6.521739130434782428e-02
4.418985270049100023e-02,6.521739130434782428e-02
4.418985270049100023e-02,6.884057971014492794e-02
4.582651391162029242e-02,6.884057971014492794e-02
4.582651391162029242e-02,7.246376811594203160e-02
4.909983633387888374e-02,7.246376811594203160e-02
4.909983633387888374e-02,7.608695652173913526e-02
5.400981996726677420e-02,7.608695652173913526e-02
5.400981996726677420e-02,7.971014492753622505e-02
5.646481178396071943e-02,7.971014492753622505e-02
5.646481178396071943e-02,8.333333333333332871e-02
6.137479541734860988e-02,8.333333333333332871e-02
6.137479541734860988e-02,8.695652173913043237e-02
6.382978723404254817e-02,8.695652173913043237e-02
6.382978723404254817e-02,9.057971014492753603e-02
6.464811783960720815e-02,9.057971014492753603e-02
6.464811783960720815e-02,9.420289855072463969e-02
6.628477905073650034e-02,9.420289855072463969e-02
6.628477905073650034e-02,1.014492753623188470e-01
7.037643207855974470e-02,1.014492753623188470e-01
7.037643207855974470e-02,1.086956521739130405e-01
7.201309328968903689e-02,1.086956521739130405e-01
7.201309328968903689e-02,1.123188405797101441e-01
7.283142389525368299e-02,1.123188405797101441e-01
7.283142389525368299e-02,1.159420289855072478e-01
7.774140752864157344e-02,1.159420289855072478e-01
7.774140752864157344e-02,1.195652173913043514e-01
8.592471358428804828e-02,1.195652173913043514e-01
8.592471358428804828e-02,1.268115942028985588e-01
9.001636661211129264e-02,1.268115942028985588e-01
9.001636661211129264e-02,1.304347826086956486e-01
9.165302782324058484e-02,1.304347826086956486e-01
9.165302782324058484e-02,1.340579710144927661e-01
9.574468085106382920e-02,1.340579710144927661e-01
9.574468085106382920e-02,1.376811594202898559e-01
9.819967266775776749e-02,1.376811594202898559e-01
9.819967266775776749e-02,1.485507246376811530e-01
1.022913256955810118e-01,1.485507246376811530e-01
1.022913256955810118e-01,1.521739130434782705e-01
1.063829787234042562e-01,1.521739130434782705e-01
1.063829787234042562e-01,1.557971014492753603e-01
1.104746317512275006e-01,1.557971014492753603e-01
1.104746317512275006e-01,1.666666666666666574e-01
1.153846153846153910e-01,1.666666666666666574e-01
1.153846153846153910e-01,1.702898550724637750e-01
1.194762684124386215e-01,1.702898550724637750e-01
1.194762684124386215e-01,1.739130434782608647e-01
1.211129296235679276e-01,1.739130434782608647e-01
1.211129296235679276e-01,1.775362318840579823e-01
1.235679214402618659e-01,1.775362318840579823e-01
1.235679214402618659e-01,1.811594202898550721e-01
1.260229132569558042e-01,1.811594202898550721e-01
1.260229132569558042e-01,1.847826086956521618e-01
1.268412438625204641e-01,1.847826086956521618e-01
1.268412438625204641e-01,1.956521739130434867e-01
1.292962356792144163e-01,1.956521739130434867e-01
1.292962356792144163e-01,1.992753623188405765e-01
1.333878887070376329e-01,1.992753623188405765e-01
1.333878887070376329e-01,2.101449275362318736e-01
1.366612111292962450e-01,2.101449275362318736e-01
1.366612111292962450e-01,2.137681159420289911e-01
1.391162029459901694e-01,2.137681159420289911e-01
1.391162029459901694e-01,2.173913043478260809e-01
1.456628477905073660e-01,2.173913043478260809e-01
1.456628477905073660e-01,2.210144927536231985e-01
1.472995090016366582e-01,2.210144927536231985e-01
1.472995090016366582e-01,2.282608695652173780e-01
1.522094926350245625e-01,2.282608695652173780e-01
1.522094926350245625e-01,2.318840579710144956e-01
1.530278232405891947e-01,2.318840579710144956e-01
1.546644844517184869e-01,2.318840579710144956e-01
1.563011456628477791e-01,2.318840579710144956e-01
1.563011456628477791e-01,2.355072463768115854e-01
1.620294599018003157e-01,2.355072463768115854e-01
1.620294599018003157e-01,2.391304347826087029e-01
1.628477905073649756e-01,2.391304347826087029e-01
1.628477905073649756e-01,2.427536231884057927e-01
1.669394435351882200e-01,2.427536231884057927e-01
1.669394435351882200e-01,2.463768115942029102e-01
1.677577741407528522e-01,2.463768115942029102e-01
1.677577741407528522e-01,2.536231884057971175e-01
1.693944353518821722e-01,2.536231884057971175e-01
1.693944353518821722e-01,2.572463768115941796e-01
1.726677577741407565e-01,2.572463768115941796e-01
1.726677577741407565e-01,2.608695652173912971e-01
1.783960720130932931e-01,2.608695652173912971e-01
1.783960720130932931e-01,2.717391304347825942e-01
1.816693944353518775e-01,2.717391304347825942e-01
1.816693944353518775e-01,2.789855072463768293e-01
1.824877250409165375e-01,2.789855072463768293e-01
1.824877250409165375e-01,2.826086956521738913e-01
1.857610474631751218e-01,2.826086956521738913e-01
1.857610474631751218e-01,2.898550724637681264e-01
1.906710310965629984e-01,2.898550724637681264e-01
1.906710310965629984e-01,2.934782608695652439e-01
1.923076923076923184e-01,2.934782608695652439e-01
1.923076923076923184e-01,2.971014492753623060e-01
1.980360065466448549e-01,2.971014492753623060e-01
1.980360065466448549e-01,3.043478260869565410e-01
1.988543371522094871e-01,3.043478260869565410e-01
1.988543371522094871e-01,3.079710144927536031e-01
2.029459901800327315e-01,3.079710144927536031e-01
2.029459901800327315e-01,3.152173913043478382e-01
2.062193126022913159e-01,3.152173913043478382e-01
2.062193126022913159e-01,3.188405797101449002e-01
2.078559738134206081e-01,3.188405797101449002e-01
2.078559738134206081e-01,3.224637681159420177e-01
2.111292962356792202e-01,3.224637681159420177e-01
2.111292962356792202e-01,3.260869565217391353e-01
2.119476268412438524e-01,3.260869565217391353e-01
2.119476268412438524e-01,3.333333333333333148e-01
2.152209492635024646e-01,3.333333333333333148e-01
2.152209492635024646e-01,3.405797101449275499e-01
2.299509001636661221e-01,3.405797101449275499e-01
2.299509001636661221e-01,3.442028985507246119e-01
2.348608837970539986e-01,3.442028985507246119e-01
2.348608837970539986e-01,3.478260869565217295e-01
2.373158756137479508e-01,3.478260869565217295e-01
2.373158756137479508e-01,3.514492753623188470e-01
2.397708674304419030e-01,3.514492753623188470e-01
2.397708674304419030e-01,3.550724637681159646e-01
2.422258592471358551e-01,3.550724637681159646e-01
2.422258592471358551e-01,3.586956521739130266e-01
2.471358428805237317e-01,3.586956521739130266e-01
2.471358428805237317e-01,3.659420289855072617e-01
2.536824877250409283e-01,3.659420289855072617e-01
2.536824877250409283e-01,3.695652173913043237e-01
2.553191489361701927e-01,3.695652173913043237e-01
2.553191489361701927e-01,3.840579710144927383e-01
2.561374795417348804e-01,3.840579710144927383e-01
2.561374795417348804e-01,3.876811594202898559e-01
2.569558101472995126e-01,3.876811594202898559e-01
2.569558101472995126e-01,3.913043478260869734e-01
2.618657937806874170e-01,3.913043478260869734e-01
2.618657937806874170e-01,3.949275362318840354e-01
2.831423895253682432e-01,3.949275362318840354e-01
2.831423895253682432e-01,3.985507246376811530e-01
2.839607201309328754e-01,3.985507246376811530e-01
2.839607201309328754e-01,4.021739130434782705e-01
2.855973813420621954e-01,4.021739130434782705e-01
2.855973813420621954e-01,4.057971014492753881e-01
2.905073649754500997e-01,4.057971014492753881e-01
2.905073649754500997e-01,4.094202898550724501e-01
2.929623567921440519e-01,4.094202898550724501e-01
2.929623567921440519e-01,4.130434782608695676e-01
2.945990180032733163e-01,4.130434782608695676e-01
2.945990180032733163e-01,4.166666666666666852e-01
3.003273322422258529e-01,4.166666666666666852e-01
3.003273322422258529e-01,4.202898550724637472e-01
3.019639934533551728e-01,4.202898550724637472e-01
3.019639934533551728e-01,4.239130434782608647e-01
3.068739770867430217e-01,4.239130434782608647e-01
3.068739770867430217e-01,4.275362318840579823e-01
3.076923076923077094e-01,4.275362318840579823e-01
3.076923076923077094e-01,4.311594202898550998e-01
3.109656301145662938e-01,4.311594202898550998e-01
3.109656301145662938e-01,4.347826086956521618e-01
3.134206219312602459e-01,4.347826086956521618e-01
3.134206219312602459e-01,4.384057971014492794e-01
3.142389525368248782e-01,4.384057971014492794e-01
3.142389525368248782e-01,4.420289855072463969e-01
3.158756137479541981e-01,4.420289855072463969e-01
3.158756137479541981e-01,4.492753623188405765e-01
3.166939443535188303e-01,4.492753623188405765e-01
3.166939443535188303e-01,4.565217391304347561e-01
3.199672667757774147e-01,4.565217391304347561e-01
3.199672667757774147e-01,4.601449275362318736e-01
3.224222585924713669e-01,4.601449275362318736e-01
3.224222585924713669e-01,4.637681159420289911e-01
3.256955810147299513e-01,4.637681159420289911e-01
3.256955810147299513e-01,4.673913043478261087e-01
3.289689034369885356e-01,4.673913043478261087e-01
3.289689034369885356e-01,4.710144927536231707e-01
3.355155482815057044e-01,4.710144927536231707e-01
3.355155482815057044e-01,4.891304347826087029e-01
3.371522094926350244e-01,4.891304347826087029e-01
3.371522094926350244e-01,4.927536231884058204e-01
3.379705400981996566e-01,4.927536231884058204e-01
3.379705400981996566e-01,4.963768115942028825e-01
3.396072013093289765e-01,4.963768115942028825e-01
3.396072013093289765e-01,5.000000000000000000e-01
3.404255319148936088e-01,5.000000000000000000e-01
3.404255319148936088e-01,5.072463768115942351e-01
3.428805237315875609e-01,5.072463768115942351e-01
3.428805237315875609e-01,5.108695652173913526e-01
3.477905073649754653e-01,5.108695652173913526e-01
3.477905073649754653e-01,5.181159420289854767e-01
3.502454991816694174e-01,5.181159420289854767e-01
3.502454991816694174e-01,5.217391304347825942e-01
3.518821603927986819e-01,5.217391304347825942e-01
3.518821603927986819e-01,5.326086956521739468e-01
3.535188216039280018e-01,5.326086956521739468e-01
3.535188216039280018e-01,5.362318840579710644e-01
3.559738134206219540e-01,5.362318840579710644e-01
3.559738134206219540e-01,5.398550724637680709e-01
3.600654664484451706e-01,5.398550724637680709e-01
3.600654664484451706e-01,5.434782608695651884e-01
3.625204582651391227e-01,5.434782608695651884e-01
3.625204582651391227e-01,5.543478260869565410e-01
3.641571194762683872e-01,5.543478260869565410e-01
3.641571194762683872e-01,5.579710144927536586e-01
3.682487725040916593e-01,5.579710144927536586e-01
3.682487725040916593e-01,5.615942028985507761e-01
3.739770867430441958e-01,5.615942028985507761e-01
3.739770867430441958e-01,5.652173913043477826e-01
3.854337152209492690e-01,5.652173913043477826e-01
3.854337152209492690e-01,5.688405797101449002e-01
3.903436988543371733e-01,5.688405797101449002e-01
3.919803600654664377e-01,5.688405797101449002e-01
3.952536824877250221e-01,5.688405797101449002e-01
3.952536824877250221e-01,5.724637681159420177e-01
3.968903436988543421e-01,5.724637681159420177e-01
3.968903436988543421e-01,5.760869565217391353e-01
3.993453355155482942e-01,5.760869565217391353e-01
3.993453355155482942e-01,5.797101449275362528e-01
4.042553191489361430e-01,5.797101449275362528e-01
4.042553191489361430e-01,5.833333333333333703e-01
4.124386252045826318e-01,5.833333333333333703e-01
4.124386252045826318e-01,5.905797101449274944e-01
4.173486088379705361e-01,5.905797101449274944e-01
4.173486088379705361e-01,5.942028985507246119e-01
4.198036006546644883e-01,5.942028985507246119e-01
4.198036006546644883e-01,5.978260869565217295e-01
4.206219312602291205e-01,5.978260869565217295e-01
4.206219312602291205e-01,6.014492753623188470e-01
4.214402618657938082e-01,6.014492753623188470e-01
4.214402618657938082e-01,6.050724637681159646e-01
4.222585924713584404e-01,6.050724637681159646e-01
4.222585924713584404e-01,6.086956521739130821e-01
4.296235679214402414e-01,6.086956521739130821e-01
4.296235679214402414e-01,6.123188405797101996e-01
4.312602291325695614e-01,6.123188405797101996e-01
4.312602291325695614e-01,6.231884057971014412e-01
4.320785597381341936e-01,6.231884057971014412e-01
4.320785597381341936e-01,6.268115942028985588e-01
4.337152209492635135e-01,6.268115942028985588e-01
4.337152209492635135e-01,6.304347826086956763e-01
4.369885433715220979e-01,6.304347826086956763e-01
4.369885433715220979e-01,6.340579710144927938e-01
4.451718494271685866e-01,6.340579710144927938e-01
4.451718494271685866e-01,6.376811594202898004e-01
4.484451718494271710e-01,6.376811594202898004e-01
4.484451718494271710e-01,6.413043478260869179e-01
4.492635024549918032e-01,6.413043478260869179e-01
4.492635024549918032e-01,6.449275362318840354e-01
4.549918166939443398e-01,6.449275362318840354e-01
4.566284779050736597e-01,6.449275362318840354e-01
4.599018003273322441e-01,6.449275362318840354e-01
4.599018003273322441e-01,6.485507246376811530e-01
4.607201309328968764e-01,6.485507246376811530e-01
4.607201309328968764e-01,6.521739130434782705e-01
4.680851063829787329e-01,6.521739130434782705e-01
4.680851063829787329e-01,6.557971014492753881e-01
4.697217675941079973e-01,6.557971014492753881e-01
4.697217675941079973e-01,6.594202898550725056e-01
4.721767594108019495e-01,6.594202898550725056e-01
4.721767594108019495e-01,6.630434782608695121e-01
4.918166939443535113e-01,6.630434782608695121e-01
4.918166939443535113e-01,6.702898550724637472e-01
4.934533551554828312e-01,6.702898550724637472e-01
4.934533551554828312e-01,6.739130434782608647e-01
5.040916530278232166e-01,6.739130434782608647e-01
5.040916530278232166e-01,6.775362318840579823e-01
5.073649754500818565e-01,6.775362318840579823e-01
5.073649754500818565e-01,6.811594202898550998e-01
5.098199672667758087e-01,6.811594202898550998e-01
5.098199672667758087e-01,6.847826086956522174e-01
5.122749590834697608e-01,6.847826086956522174e-01
5.122749590834697608e-01,6.956521739130434590e-01
5.139116202945990253e-01,6.956521739130434590e-01
5.139116202945990253e-01,6.992753623188405765e-01
5.188216039279869296e-01,6.992753623188405765e-01
5.188216039279869296e-01,7.028985507246376940e-01
5.220949263502454585e-01,7.028985507246376940e-01
5.220949263502454585e-01,7.065217391304348116e-01
5.229132569558101462e-01,7.065217391304348116e-01
5.229132569558101462e-01,7.101449275362319291e-01
5.278232405891980505e-01,7.101449275362319291e-01
5.278232405891980505e-01,7.137681159420289356e-01
5.286415711947627383e-01,7.137681159420289356e-01
5.286415711947627383e-01,7.173913043478260532e-01
5.310965630114565794e-01,7.173913043478260532e-01
5.310965630114565794e-01,7.210144927536231707e-01
5.335515548281505316e-01,7.210144927536231707e-01
5.335515548281505316e-01,7.246376811594202882e-01
5.360065466448444838e-01,7.246376811594202882e-01
5.360065466448444838e-01,7.282608695652174058e-01
5.400981996726678114e-01,7.282608695652174058e-01
5.400981996726678114e-01,7.318840579710145233e-01
5.409165302782323881e-01,7.318840579710145233e-01
5.409165302782323881e-01,7.355072463768116409e-01
5.417348608837970758e-01,7.355072463768116409e-01
5.417348608837970758e-01,7.391304347826086474e-01
5.482815057283142446e-01,7.391304347826086474e-01
5.482815057283142446e-01,7.427536231884057649e-01
5.556464811783961011e-01,7.427536231884057649e-01
5.556464811783961011e-01,7.463768115942028825e-01
5.621931260229132699e-01,7.463768115942028825e-01
5.621931260229132699e-01,7.536231884057971175e-01
5.777414075286415596e-01,7.536231884057971175e-01
5.777414075286415596e-01,7.572463768115942351e-01
5.883797054009819449e-01,7.572463768115942351e-01
5.883797054009819449e-01,7.644927536231883591e-01
5.957446808510638014e-01,7.644927536231883591e-01
5.957446808510638014e-01,7.717391304347825942e-01
5.990180032733224413e-01,7.717391304347825942e-01
5.990180032733224413e-01,7.753623188405797118e-01
6.047463175122749224e-01,7.753623188405797118e-01
6.047463175122749224e-01,7.789855072463768293e-01
6.112929623567920911e-01,7.789855072463768293e-01
6.112929623567920911e-01,7.826086956521739468e-01
6.137479541734860433e-01,7.826086956521739468e-01
6.137479541734860433e-01,7.862318840579710644e-01
6.178396072013093709e-01,7.862318840579710644e-01
6.178396072013093709e-01,7.898550724637680709e-01
6.284779050736497563e-01,7.898550724637680709e-01
6.284779050736497563e-01,7.934782608695651884e-01
6.456628477905073105e-01,7.934782608695651884e-01
6.456628477905073105e-01,8.007246376811594235e-01
6.464811783960719982e-01,8.007246376811594235e-01
6.464811783960719982e-01,8.043478260869565410e-01
6.546644844517185424e-01,8.043478260869565410e-01
6.546644844517185424e-01,8.079710144927536586e-01
6.579378068739770713e-01,8.079710144927536586e-01
6.579378068739770713e-01,8.115942028985507761e-01
6.628477905073649756e-01,8.115942028985507761e-01
6.628477905073649756e-01,8.152173913043477826e-01
6.661211129296236155e-01,8.152173913043477826e-01
6.661211129296236155e-01,8.188405797101449002e-01
6.693944353518821444e-01,8.188405797101449002e-01
6.693944353518821444e-01,8.224637681159420177e-01
6.726677577741407843e-01,8.224637681159420177e-01
6.726677577741407843e-01,8.260869565217391353e-01
6.751227495908347365e-01,8.260869565217391353e-01
6.751227495908347365e-01,8.297101449275362528e-01
6.808510638297872175e-01,8.297101449275362528e-01
6.808510638297872175e-01,8.333333333333333703e-01
6.873977086743043863e-01,8.333333333333333703e-01
6.873977086743043863e-01,8.369565217391304879e-01
6.972176759410801949e-01,8.369565217391304879e-01
6.972176759410801949e-01,8.405797101449274944e-01
7.054009819967266282e-01,8.405797101449274944e-01
7.054009819967266282e-01,8.442028985507246119e-01
7.078559738134205803e-01,8.442028985507246119e-01
7.078559738134205803e-01,8.478260869565217295e-01
7.225859247135842933e-01,8.478260869565217295e-01
7.225859247135842933e-01,8.514492753623188470e-01
7.291325695581014621e-01,8.514492753623188470e-01
7.291325695581014621e-01,8.550724637681159646e-01
7.307692307692307265e-01,8.550724637681159646e-01
7.307692307692307265e-01,8.586956521739130821e-01
7.315875613747954143e-01,8.586956521739130821e-01
7.315875613747954143e-01,8.623188405797101996e-01
7.471358428805237040e-01,8.623188405797101996e-01
7.471358428805237040e-01,8.659420289855072062e-01
7.643207855973813691e-01,8.659420289855072062e-01
7.643207855973813691e-01,8.695652173913043237e-01
7.659574468085106336e-01,8.695652173913043237e-01
7.659574468085106336e-01,8.731884057971014412e-01
7.675941080196398980e-01,8.731884057971014412e-01
7.675941080196398980e-01,8.768115942028985588e-01
7.684124386252045857e-01,8.768115942028985588e-01
7.684124386252045857e-01,8.804347826086956763e-01
7.716857610474632256e-01,8.804347826086956763e-01
7.716857610474632256e-01,8.840579710144927938e-01
7.749590834697217545e-01,8.840579710144927938e-01
7.749590834697217545e-01,8.913043478260869179e-01
7.782324058919803944e-01,8.913043478260869179e-01
7.782324058919803944e-01,8.949275362318840354e-01
7.798690671031096588e-01,8.949275362318840354e-01
7.798690671031096588e-01,8.985507246376811530e-01
7.962356792144026363e-01,8.985507246376811530e-01
7.962356792144026363e-01,9.021739130434782705e-01
8.044189852700490695e-01,9.021739130434782705e-01
8.044189852700490695e-01,9.057971014492753881e-01
8.109656301145662383e-01,9.057971014492753881e-01
8.109656301145662383e-01,9.094202898550725056e-01
8.166939443535188303e-01,9.094202898550725056e-01
8.166939443535188303e-01,9.130434782608695121e-01
8.183306055646480948e-01,9.130434782608695121e-01
8.183306055646480948e-01,9.166666666666666297e-01
8.191489361702127825e-01,9.166666666666666297e-01
8.191489361702127825e-01,9.202898550724637472e-01
8.216039279869067347e-01,9.202898550724637472e-01
8.216039279869067347e-01,9.239130434782608647e-01
8.232405891980359991e-01,9.239130434782608647e-01
8.232405891980359991e-01,9.275362318840579823e-01
8.306055646481178556e-01,9.275362318840579823e-01
8.306055646481178556e-01,9.347826086956522174e-01
8.371522094926350244e-01,9.347826086956522174e-01
8.371522094926350244e-01,9.384057971014492239e-01
8.436988543371521931e-01,9.384057971014492239e-01
8.436988543371521931e-01,9.420289855072463414e-01
8.461538461538461453e-01,9.420289855072463414e-01
8.461538461538461453e-01,9.456521739130434590e-01
8.510638297872340496e-01,9.456521739130434590e-01
8.510638297872340496e-01,9.492753623188405765e-01
8.576104746317512184e-01,9.492753623188405765e-01
8.576104746317512184e-01,9.528985507246376940e-01
8.592471358428804828e-01,9.528985507246376940e-01
8.617021276595744350e-01,9.528985507246376940e-01
8.617021276595744350e-01,9.565217391304348116e-01
8.641571194762683872e-01,9.565217391304348116e-01
8.641571194762683872e-01,9.601449275362319291e-01
8.657937806873977626e-01,9.601449275362319291e-01
8.657937806873977626e-01,9.637681159420289356e-01
8.756137479541734603e-01,9.637681159420289356e-01
8.756137479541734603e-01,9.673913043478260532e-01
8.837970540098200045e-01,9.673913043478260532e-01
8.837970540098200045e-01,9.710144927536231707e-01
9.026186579378068231e-01,9.710144927536231707e-01
9.026186579378068231e-01,9.746376811594202882e-01
9.042553191489361986e-01,9.746376811594202882e-01
9.042553191489361986e-01,9.782608695652174058e-01
9.116202945990180551e-01,9.782608695652174058e-01
9.116202945990180551e-01,9.818840579710145233e-01
9.148936170212765839e-01,9.818840579710145233e-01
9.148936170212765839e-01,9.855072463768116409e-01
9.165302782324058484e-01,9.855072463768116409e-01
9.165302782324058484e-01,9.891304347826086474e-01
9.222585924713584404e-01,9.891304347826086474e-01
9.222585924713584404e-01,9.927536231884057649e-01
9.271685761047463448e-01,9.927536231884057649e-01
9.271685761047463448e-01,9.963768115942028825e-01
9.279869067103109215e-01,9.963768115942028825e-01
9.279869067103109215e-01,1.000000000000000000e+00
1.000000000000000000e+00,1.000000000000000000e+00
