FPR,TPR
0.000000000000000000e+00,0.000000000000000000e+00
0.000000000000000000e+00,1.183431952662721909e-03
0.000000000000000000e+00,1.301775147928994035e-02
3.944773175542406183e-04,1.301775147928994035e-02
3.944773175542406183e-04,2.130177514792899393e-02
7.889546351084812366e-04,2.130177514792899393e-02
7.889546351084812366e-04,2.840236686390532408e-02
1.183431952662721909e-03,2.840236686390532408e-02
1.183431952662721909e-03,3.195266272189348916e-02
1.577909270216962473e-03,3.195266272189348916e-02
1.577909270216962473e-03,3.431952662721893255e-02
1.972386587771203254e-03,3.431952662721893255e-02
1.972386587771203254e-03,3.668639053254437593e-02
2.366863905325443818e-03,3.668639053254437593e-02
2.366863905325443818e-03,3.786982248520710109e-02
3.550295857988165511e-03,3.786982248520710109e-02
3.550295857988165511e-03,4.260355029585798786e-02
3.944773175542406508e-03,4.260355029585798786e-02
3.944773175542406508e-03,4.615384615384615641e-02
4.339250493096647072e-03,4.615384615384615641e-02
4.339250493096647072e-03,4.852071005917159979e-02
4.733727810650887637e-03,4.852071005917159979e-02
4.733727810650887637e-03,5.088757396449704318e-02
5.128205128205128201e-03,5.088757396449704318e-02
5.128205128205128201e-03,5.798816568047337333e-02
5.522682445759368765e-03,5.798816568047337333e-02
5.522682445759368765e-03,6.508875739644970349e-02
5.917159763313609329e-03,6.508875739644970349e-02
5.917159763313609329e-03,6.863905325443786509e-02
7.100591715976331021e-03,6.863905325443786509e-02
7.100591715976331021e-03,7.100591715976331542e-02
7.889546351084813017e-03,7.100591715976331542e-02
7.889546351084813017e-03,7.218934911242604058e-02
8.678500986193294145e-03,7.218934911242604058e-02
8.678500986193294145e-03,7.337278106508875186e-02
9.467455621301775273e-03,7.337278106508875186e-02
9.467455621301775273e-03,7.692307692307692735e-02
1.025641025641025640e-02,7.692307692307692735e-02
1.025641025641025640e-02,7.810650887573963863e-02
1.065088757396449697e-02,7.810650887573963863e-02
1.065088757396449697e-02,7.928994082840236379e-02
1.222879684418145922e-02,7.928994082840236379e-02
1.222879684418145922e-02,8.047337278106508895e-02
1.262327416173569979e-02,8.047337278106508895e-02
1.262327416173569979e-02,8.165680473372781412e-02
1.380670611439842148e-02,8.165680473372781412e-02
1.380670611439842148e-02,8.284023668639053928e-02
1.459566074950690261e-02,8.284023668639053928e-02
1.459566074950690261e-02,8.520710059171597572e-02
1.499013806706114317e-02,8.520710059171597572e-02
1.499013806706114317e-02,8.639053254437870089e-02
1.538461538461538547e-02,8.639053254437870089e-02
1.538461538461538547e-02,9.112426035502958765e-02
1.854043392504930998e-02,9.112426035502958765e-02
1.854043392504930998e-02,9.230769230769231282e-02
1.932938856015779111e-02,9.230769230769231282e-02
1.932938856015779111e-02,9.349112426035502410e-02
2.011834319526627224e-02,9.349112426035502410e-02
2.011834319526627224e-02,9.467455621301774926e-02
2.051282051282051280e-02,9.467455621301774926e-02
2.051282051282051280e-02,9.822485207100591087e-02
2.090729783037475337e-02,9.822485207100591087e-02
2.090729783037475337e-02,9.940828402366863603e-02
2.130177514792899393e-02,9.940828402366863603e-02
2.130177514792899393e-02,1.065088757396449731e-01
2.209072978303747506e-02,1.065088757396449731e-01
2.209072978303747506e-02,1.076923076923076983e-01
2.327416173570019675e-02,1.076923076923076983e-01
2.327416173570019675e-02,1.088757396449704096e-01
2.366863905325443732e-02,1.088757396449704096e-01
2.366863905325443732e-02,1.100591715976331347e-01
2.445759368836291844e-02,1.100591715976331347e-01
2.445759368836291844e-02,1.195266272189349083e-01
2.564102564102564014e-02,1.195266272189349083e-01
2.564102564102564014e-02,1.207100591715976334e-01
2.721893491124260239e-02,1.207100591715976334e-01
2.721893491124260239e-02,1.218934911242603586e-01
2.761341222879684296e-02,1.218934911242603586e-01
2.761341222879684296e-02,1.301775147928994070e-01
2.800788954635108352e-02,1.301775147928994070e-01
2.800788954635108352e-02,1.349112426035503076e-01
3.037475345167652691e-02,1.349112426035503076e-01
3.037475345167652691e-02,1.360946745562130189e-01
3.076923076923077094e-02,1.360946745562130189e-01
3.076923076923077094e-02,1.384615384615384692e-01
3.195266272189348916e-02,1.384615384615384692e-01
3.195266272189348916e-02,1.408284023668638918e-01
3.234714003944773320e-02,1.408284023668638918e-01
3.234714003944773320e-02,1.491124260355029540e-01
3.313609467455621432e-02,1.491124260355029540e-01
3.313609467455621432e-02,1.502958579881656931e-01
3.510848126232741367e-02,1.502958579881656931e-01
3.510848126232741367e-02,1.538461538461538547e-01
3.589743589743589480e-02,1.538461538461538547e-01
3.589743589743589480e-02,1.562130177514792773e-01
3.629191321499013884e-02,1.562130177514792773e-01
3.629191321499013884e-02,1.621301775147928892e-01
3.865877712031558222e-02,1.621301775147928892e-01
3.865877712031558222e-02,1.644970414201183395e-01
3.905325443786981932e-02,1.644970414201183395e-01
3.905325443786981932e-02,1.704142011834319514e-01
3.944773175542406335e-02,1.704142011834319514e-01
3.944773175542406335e-02,1.763313609467455634e-01
3.984220907297830044e-02,1.763313609467455634e-01
3.984220907297830044e-02,1.775147928994082747e-01
4.023668639053254448e-02,1.775147928994082747e-01
4.023668639053254448e-02,1.810650887573964363e-01
4.260355029585798786e-02,1.810650887573964363e-01
4.260355029585798786e-02,1.822485207100591753e-01
4.299802761341223190e-02,1.822485207100591753e-01
4.299802761341223190e-02,1.846153846153846256e-01
4.339250493096646899e-02,1.846153846153846256e-01
4.339250493096646899e-02,1.857988165680473369e-01
4.378698224852071302e-02,1.857988165680473369e-01
4.378698224852071302e-02,1.869822485207100482e-01
4.654832347140039350e-02,1.869822485207100482e-01
4.654832347140039350e-02,1.905325443786982376e-01
4.733727810650887463e-02,1.905325443786982376e-01
4.733727810650887463e-02,1.917159763313609488e-01
4.773175542406311866e-02,1.917159763313609488e-01
4.773175542406311866e-02,1.928994082840236601e-01
4.812623274161735576e-02,1.928994082840236601e-01
4.891518737672583689e-02,1.928994082840236601e-01
4.970414201183431802e-02,1.928994082840236601e-01
4.970414201183431802e-02,1.976331360946745608e-01
5.049309664694279914e-02,1.976331360946745608e-01
5.049309664694279914e-02,1.988165680473372721e-01
5.246548323471400543e-02,1.988165680473372721e-01
5.246548323471400543e-02,2.011834319526627224e-01
5.285996055226824253e-02,2.011834319526627224e-01
5.285996055226824253e-02,2.023668639053254337e-01
5.404339250493096769e-02,2.023668639053254337e-01
5.404339250493096769e-02,2.047337278106508840e-01
5.483234714003944882e-02,2.047337278106508840e-01
5.483234714003944882e-02,2.059171597633136230e-01
5.641025641025641107e-02,2.059171597633136230e-01
5.641025641025641107e-02,2.082840236686390456e-01
5.719921104536489220e-02,2.082840236686390456e-01
5.719921104536489220e-02,2.106508875739644959e-01
5.759368836291912930e-02,2.106508875739644959e-01
5.759368836291912930e-02,2.142011834319526575e-01
5.877712031558185446e-02,2.142011834319526575e-01
5.877712031558185446e-02,2.165680473372781079e-01
5.956607495069033559e-02,2.165680473372781079e-01
5.956607495069033559e-02,2.177514792899408191e-01
5.996055226824457268e-02,2.177514792899408191e-01
5.996055226824457268e-02,2.189349112426035582e-01
6.035502958579881672e-02,2.189349112426035582e-01
6.035502958579881672e-02,2.201183431952662695e-01
6.114398422090729784e-02,2.201183431952662695e-01
6.114398422090729784e-02,2.248520710059171701e-01
6.193293885601577897e-02,2.248520710059171701e-01
6.193293885601577897e-02,2.272189349112425927e-01
6.351084812623274123e-02,2.272189349112425927e-01
6.351084812623274123e-02,2.295857988165680430e-01
6.429980276134122930e-02,2.295857988165680430e-01
6.429980276134122930e-02,2.343195266272189436e-01
6.508875739644970349e-02,2.343195266272189436e-01
6.508875739644970349e-02,2.355029585798816549e-01
6.548323471400394058e-02,2.355029585798816549e-01
6.548323471400394058e-02,2.366863905325443662e-01
6.627218934911242865e-02,2.366863905325443662e-01
6.627218934911242865e-02,2.378698224852071053e-01
6.666666666666666574e-02,2.378698224852071053e-01
6.666666666666666574e-02,2.402366863905325556e-01
6.706114398422090284e-02,2.402366863905325556e-01
6.706114398422090284e-02,2.414201183431952669e-01
6.785009861932939090e-02,2.414201183431952669e-01
6.785009861932939090e-02,2.449704142011834285e-01
6.824457593688362800e-02,2.449704142011834285e-01
6.824457593688362800e-02,2.461538461538461675e-01
6.863905325443786509e-02,2.461538461538461675e-01
6.863905325443786509e-02,2.473372781065088788e-01
6.942800788954635316e-02,2.473372781065088788e-01
6.942800788954635316e-02,2.485207100591715901e-01
7.061143984220907832e-02,2.485207100591715901e-01
7.061143984220907832e-02,2.497041420118343291e-01
7.495069033530571412e-02,2.497041420118343291e-01
7.495069033530571412e-02,2.508875739644970682e-01
7.573964497041420219e-02,2.508875739644970682e-01
7.573964497041420219e-02,2.532544378698224907e-01
7.613412228796843928e-02,2.532544378698224907e-01
7.613412228796843928e-02,2.544378698224852298e-01
7.810650887573963863e-02,2.544378698224852298e-01
7.810650887573963863e-02,2.579881656804733914e-01
7.850098619329388960e-02,2.579881656804733914e-01
7.850098619329388960e-02,2.591715976331360749e-01
7.889546351084812670e-02,2.591715976331360749e-01
7.889546351084812670e-02,2.603550295857988139e-01
8.126232741617356314e-02,2.603550295857988139e-01
8.126232741617356314e-02,2.615384615384615530e-01
8.165680473372781412e-02,2.615384615384615530e-01
8.165680473372781412e-02,2.639053254437869755e-01
8.284023668639053928e-02,2.639053254437869755e-01
8.284023668639053928e-02,2.662721893491124536e-01
8.323471400394477637e-02,2.662721893491124536e-01
8.323471400394477637e-02,2.686390532544378762e-01
8.441814595660750153e-02,2.686390532544378762e-01
8.441814595660750153e-02,2.733727810650887768e-01
8.481262327416173863e-02,2.733727810650887768e-01
8.481262327416173863e-02,2.745562130177514604e-01
8.520710059171597572e-02,2.745562130177514604e-01
8.520710059171597572e-02,2.769230769230769384e-01
8.560157790927021282e-02,2.769230769230769384e-01
8.560157790927021282e-02,2.781065088757396220e-01
8.599605522682446379e-02,2.781065088757396220e-01
8.599605522682446379e-02,2.792899408284023610e-01
8.639053254437870089e-02,2.792899408284023610e-01
8.639053254437870089e-02,2.816568047337277836e-01
8.757396449704142605e-02,2.816568047337277836e-01
8.757396449704142605e-02,2.828402366863905226e-01
8.836291913214990024e-02,2.828402366863905226e-01
8.836291913214990024e-02,2.863905325443786842e-01
9.072978303747535056e-02,2.863905325443786842e-01
9.072978303747535056e-02,2.875739644970414233e-01
9.112426035502958765e-02,2.875739644970414233e-01
9.112426035502958765e-02,2.899408284023668458e-01
9.230769230769231282e-02,2.899408284023668458e-01
9.230769230769231282e-02,2.934911242603550074e-01
9.625246548323471152e-02,2.934911242603550074e-01
9.625246548323471152e-02,2.958579881656804855e-01
9.743589743589743668e-02,2.958579881656804855e-01
9.743589743589743668e-02,2.970414201183431691e-01
9.783037475345167377e-02,2.970414201183431691e-01
9.783037475345167377e-02,3.005917159763313862e-01
9.822485207100591087e-02,3.005917159763313862e-01
9.822485207100591087e-02,3.029585798816568087e-01
9.901380670611439894e-02,3.029585798816568087e-01
9.901380670611439894e-02,3.041420118343195478e-01
9.980276134122287313e-02,3.041420118343195478e-01
9.980276134122287313e-02,3.053254437869822313e-01
1.009861932938855983e-01,3.053254437869822313e-01
1.009861932938855983e-01,3.065088757396449703e-01
1.025641025641025605e-01,3.065088757396449703e-01
1.025641025641025605e-01,3.076923076923077094e-01
1.045364891518737738e-01,3.076923076923077094e-01
1.045364891518737738e-01,3.100591715976331320e-01
1.069033530571992102e-01,3.100591715976331320e-01
1.069033530571992102e-01,3.171597633136094552e-01
1.072978303747534473e-01,3.171597633136094552e-01
1.072978303747534473e-01,3.183431952662721942e-01
1.076923076923076983e-01,3.183431952662721942e-01
1.076923076923076983e-01,3.195266272189349332e-01
1.080867850098619354e-01,3.195266272189349332e-01
1.080867850098619354e-01,3.207100591715976168e-01
1.088757396449704096e-01,3.207100591715976168e-01
1.088757396449704096e-01,3.218934911242603558e-01
1.096646942800788976e-01,3.218934911242603558e-01
1.096646942800788976e-01,3.254437869822485174e-01
1.112426035502958599e-01,3.254437869822485174e-01
1.112426035502958599e-01,3.278106508875739400e-01
1.116370808678500970e-01,3.278106508875739400e-01
1.116370808678500970e-01,3.289940828402366790e-01
1.120315581854043341e-01,3.289940828402366790e-01
1.120315581854043341e-01,3.313609467455621571e-01
1.128205128205128221e-01,3.313609467455621571e-01
1.128205128205128221e-01,3.325443786982248406e-01
1.132149901380670592e-01,3.325443786982248406e-01
1.132149901380670592e-01,3.337278106508875797e-01
1.136094674556212963e-01,3.337278106508875797e-01
1.136094674556212963e-01,3.349112426035503187e-01
1.140039447731755473e-01,3.349112426035503187e-01
1.140039447731755473e-01,3.372781065088757413e-01
1.147928994082840215e-01,3.372781065088757413e-01
1.147928994082840215e-01,3.408284023668639029e-01
1.155818540433925096e-01,3.408284023668639029e-01
1.155818540433925096e-01,3.420118343195266419e-01
1.159763313609467467e-01,3.420118343195266419e-01
1.159763313609467467e-01,3.443786982248520645e-01
1.171597633136094718e-01,3.443786982248520645e-01
1.171597633136094718e-01,3.479289940828402261e-01
1.179487179487179460e-01,3.479289940828402261e-01
1.179487179487179460e-01,3.550295857988165493e-01
1.199211045364891454e-01,3.550295857988165493e-01
1.199211045364891454e-01,3.609467455621301890e-01
1.203155818540433963e-01,3.609467455621301890e-01
1.203155818540433963e-01,3.633136094674556116e-01
1.207100591715976334e-01,3.633136094674556116e-01
1.207100591715976334e-01,3.644970414201183506e-01
1.211045364891518705e-01,3.644970414201183506e-01
1.211045364891518705e-01,3.656804733727810897e-01
1.214990138067061076e-01,3.656804733727810897e-01
1.214990138067061076e-01,3.680473372781065122e-01
1.218934911242603586e-01,3.680473372781065122e-01
1.226824457593688328e-01,3.680473372781065122e-01
1.234714003944773208e-01,3.680473372781065122e-01
1.234714003944773208e-01,3.692307692307692513e-01
1.246548323471400460e-01,3.692307692307692513e-01
1.246548323471400460e-01,3.704142011834319348e-01
1.266272189349112454e-01,3.704142011834319348e-01
1.266272189349112454e-01,3.715976331360946738e-01
1.289940828402366957e-01,3.715976331360946738e-01
1.289940828402366957e-01,3.727810650887574129e-01
1.301775147928994070e-01,3.727810650887574129e-01
1.301775147928994070e-01,3.775147928994082580e-01
1.305719921104536441e-01,3.775147928994082580e-01
1.305719921104536441e-01,3.798816568047337361e-01
1.313609467455621183e-01,3.798816568047337361e-01
1.313609467455621183e-01,3.822485207100591587e-01
1.317554240631163831e-01,3.822485207100591587e-01
1.317554240631163831e-01,3.834319526627218977e-01
1.325443786982248573e-01,3.834319526627218977e-01
1.325443786982248573e-01,3.846153846153846367e-01
1.337278106508875686e-01,3.846153846153846367e-01
1.337278106508875686e-01,3.869822485207100593e-01
1.341222879684418057e-01,3.869822485207100593e-01
1.341222879684418057e-01,3.881656804733727983e-01
1.349112426035503076e-01,3.881656804733727983e-01
1.349112426035503076e-01,3.893491124260354819e-01
1.396449704142011805e-01,3.893491124260354819e-01
1.396449704142011805e-01,3.928994082840236435e-01
1.400394477317554176e-01,3.928994082840236435e-01
1.400394477317554176e-01,3.940828402366863825e-01
1.408284023668638918e-01,3.940828402366863825e-01
1.408284023668638918e-01,3.952662721893491216e-01
1.412228796844181566e-01,3.952662721893491216e-01
1.412228796844181566e-01,3.964497041420118606e-01
1.420118343195266308e-01,3.964497041420118606e-01
1.420118343195266308e-01,3.976331360946745441e-01
1.424063116370808679e-01,3.976331360946745441e-01
1.424063116370808679e-01,4.023668639053254448e-01
1.435897435897435792e-01,4.023668639053254448e-01
1.435897435897435792e-01,4.047337278106508673e-01
1.439842209072978441e-01,4.047337278106508673e-01
1.439842209072978441e-01,4.071005917159763454e-01
1.455621301775147924e-01,4.071005917159763454e-01
1.455621301775147924e-01,4.082840236686390289e-01
1.459566074950690295e-01,4.082840236686390289e-01
1.459566074950690295e-01,4.094674556213017680e-01
1.479289940828402428e-01,4.094674556213017680e-01
1.479289940828402428e-01,4.106508875739645070e-01
1.499013806706114282e-01,4.106508875739645070e-01
1.499013806706114282e-01,4.130177514792899296e-01
1.506903353057199302e-01,4.130177514792899296e-01
1.506903353057199302e-01,4.142011834319526686e-01
1.514792899408284044e-01,4.142011834319526686e-01
1.514792899408284044e-01,4.153846153846154077e-01
1.526627218934911157e-01,4.153846153846154077e-01
1.526627218934911157e-01,4.165680473372780912e-01
1.558185404339250402e-01,4.165680473372780912e-01
1.558185404339250402e-01,4.177514792899408302e-01
1.566074950690335421e-01,4.177514792899408302e-01
1.566074950690335421e-01,4.189349112426035693e-01
1.570019723865877792e-01,4.189349112426035693e-01
1.570019723865877792e-01,4.201183431952662528e-01
1.573964497041420163e-01,4.201183431952662528e-01
1.573964497041420163e-01,4.213017751479289918e-01
1.581854043392504905e-01,4.213017751479289918e-01
1.581854043392504905e-01,4.224852071005917309e-01
1.601577909270217037e-01,4.224852071005917309e-01
1.601577909270217037e-01,4.260355029585798925e-01
1.613412228796844150e-01,4.260355029585798925e-01
1.613412228796844150e-01,4.272189349112425760e-01
1.617357001972386521e-01,4.272189349112425760e-01
1.617357001972386521e-01,4.295857988165680541e-01
1.621301775147928892e-01,4.295857988165680541e-01
1.621301775147928892e-01,4.331360946745562157e-01
1.656804733727810786e-01,4.331360946745562157e-01
1.656804733727810786e-01,4.366863905325443773e-01
1.664694280078895527e-01,4.366863905325443773e-01
1.664694280078895527e-01,4.378698224852071164e-01
1.676528599605522640e-01,4.378698224852071164e-01
1.676528599605522640e-01,4.414201183431952780e-01
1.708086785009861885e-01,4.414201183431952780e-01
1.708086785009861885e-01,4.473372781065088621e-01
1.712031558185404256e-01,4.473372781065088621e-01
1.712031558185404256e-01,4.497041420118343402e-01
1.715976331360946627e-01,4.497041420118343402e-01
1.715976331360946627e-01,4.520710059171597628e-01
1.747534516765285872e-01,4.520710059171597628e-01
1.747534516765285872e-01,4.532544378698225018e-01
1.755424063116370892e-01,4.532544378698225018e-01
1.755424063116370892e-01,4.544378698224851854e-01
1.759368836291913263e-01,4.544378698224851854e-01
1.759368836291913263e-01,4.556213017751479244e-01
1.775147928994082747e-01,4.556213017751479244e-01
1.775147928994082747e-01,4.579881656804733470e-01
1.786982248520710137e-01,4.579881656804733470e-01
1.786982248520710137e-01,4.591715976331360860e-01
1.802761341222879621e-01,4.591715976331360860e-01
1.802761341222879621e-01,4.603550295857988250e-01
1.822485207100591753e-01,4.603550295857988250e-01
1.822485207100591753e-01,4.627218934911242476e-01
1.826429980276134124e-01,4.627218934911242476e-01
1.826429980276134124e-01,4.662721893491124092e-01
1.857988165680473369e-01,4.662721893491124092e-01
1.857988165680473369e-01,4.674556213017751483e-01
1.861932938856015740e-01,4.674556213017751483e-01
1.861932938856015740e-01,4.686390532544378873e-01
1.865877712031558111e-01,4.686390532544378873e-01
1.865877712031558111e-01,4.698224852071005708e-01
1.869822485207100482e-01,4.698224852071005708e-01
1.869822485207100482e-01,4.721893491124260489e-01
1.873767258382643131e-01,4.721893491124260489e-01
1.873767258382643131e-01,4.733727810650887324e-01
1.905325443786982376e-01,4.733727810650887324e-01
1.905325443786982376e-01,4.745562130177514715e-01
1.913214990138067118e-01,4.745562130177514715e-01
1.913214990138067118e-01,4.792899408284023721e-01
1.925049309664694230e-01,4.792899408284023721e-01
1.925049309664694230e-01,4.804733727810651112e-01
1.928994082840236601e-01,4.804733727810651112e-01
1.928994082840236601e-01,4.816568047337277947e-01
1.948717948717948734e-01,4.816568047337277947e-01
1.948717948717948734e-01,4.828402366863905337e-01
1.960552268244575846e-01,4.828402366863905337e-01
1.960552268244575846e-01,4.840236686390532728e-01
1.964497041420118217e-01,4.840236686390532728e-01
1.964497041420118217e-01,4.863905325443786953e-01
1.968441814595660866e-01,4.863905325443786953e-01
1.968441814595660866e-01,4.887573964497041179e-01
1.980276134122287979e-01,4.887573964497041179e-01
1.980276134122287979e-01,4.899408284023668569e-01
1.988165680473372721e-01,4.899408284023668569e-01
1.988165680473372721e-01,4.911242603550295960e-01
1.992110453648915092e-01,4.911242603550295960e-01
1.992110453648915092e-01,4.923076923076923350e-01
2.000000000000000111e-01,4.923076923076923350e-01
2.051282051282051211e-01,4.923076923076923350e-01
2.051282051282051211e-01,4.934911242603550185e-01
2.059171597633136230e-01,4.934911242603550185e-01
2.059171597633136230e-01,4.946745562130177576e-01
2.063116370808678601e-01,4.946745562130177576e-01
2.063116370808678601e-01,4.970414201183431802e-01
2.078895463510848085e-01,4.970414201183431802e-01
2.078895463510848085e-01,4.982248520710059192e-01
2.094674556213017846e-01,4.982248520710059192e-01
2.094674556213017846e-01,5.005917159763313418e-01
2.106508875739644959e-01,5.005917159763313418e-01
2.106508875739644959e-01,5.017751479289941363e-01
2.110453648915187330e-01,5.017751479289941363e-01
2.110453648915187330e-01,5.029585798816568198e-01
2.118343195266272072e-01,5.029585798816568198e-01
2.118343195266272072e-01,5.041420118343195034e-01
2.130177514792899462e-01,5.041420118343195034e-01
2.130177514792899462e-01,5.065088757396449815e-01
2.134122287968441833e-01,5.065088757396449815e-01
2.134122287968441833e-01,5.076923076923076650e-01
2.157790927021696337e-01,5.076923076923076650e-01
2.157790927021696337e-01,5.088757396449704595e-01
2.165680473372781079e-01,5.088757396449704595e-01
2.165680473372781079e-01,5.100591715976331431e-01
2.185404339250493211e-01,5.100591715976331431e-01
2.185404339250493211e-01,5.112426035502958266e-01
2.209072978303747437e-01,5.112426035502958266e-01
2.209072978303747437e-01,5.124260355029586211e-01
2.220907297830374827e-01,5.124260355029586211e-01
2.220907297830374827e-01,5.136094674556213047e-01
2.228796844181459569e-01,5.136094674556213047e-01
2.228796844181459569e-01,5.159763313609467827e-01
2.252465483234714072e-01,5.159763313609467827e-01
2.252465483234714072e-01,5.171597633136094663e-01
2.260355029585798814e-01,5.171597633136094663e-01
2.260355029585798814e-01,5.183431952662721498e-01
2.272189349112425927e-01,5.183431952662721498e-01
2.272189349112425927e-01,5.195266272189349444e-01
2.291913214990138059e-01,5.195266272189349444e-01
2.291913214990138059e-01,5.207100591715976279e-01
2.299802761341222801e-01,5.207100591715976279e-01
2.307692307692307820e-01,5.207100591715976279e-01
2.307692307692307820e-01,5.230769230769231060e-01
2.311637080867850191e-01,5.230769230769231060e-01
2.311637080867850191e-01,5.242603550295857895e-01
2.323471400394477304e-01,5.242603550295857895e-01
2.323471400394477304e-01,5.266272189349112676e-01
2.343195266272189436e-01,5.266272189349112676e-01
2.343195266272189436e-01,5.278106508875739511e-01
2.347140039447731807e-01,5.278106508875739511e-01
2.347140039447731807e-01,5.289940828402366346e-01
2.355029585798816549e-01,5.289940828402366346e-01
2.355029585798816549e-01,5.301775147928994292e-01
2.378698224852071053e-01,5.301775147928994292e-01
2.386587771203155794e-01,5.301775147928994292e-01
2.386587771203155794e-01,5.337278106508875908e-01
2.390532544378698165e-01,5.337278106508875908e-01
2.390532544378698165e-01,5.349112426035502743e-01
2.414201183431952669e-01,5.349112426035502743e-01
2.414201183431952669e-01,5.360946745562130689e-01
2.437869822485207172e-01,5.360946745562130689e-01
2.437869822485207172e-01,5.384615384615384359e-01
2.457593688362919027e-01,5.384615384615384359e-01
2.457593688362919027e-01,5.396449704142012305e-01
2.481262327416173530e-01,5.396449704142012305e-01
2.481262327416173530e-01,5.408284023668639140e-01
2.489151873767258272e-01,5.408284023668639140e-01
2.489151873767258272e-01,5.431952662721893921e-01
2.493096646942800920e-01,5.431952662721893921e-01
2.493096646942800920e-01,5.443786982248520756e-01
2.497041420118343291e-01,5.443786982248520756e-01
2.497041420118343291e-01,5.455621301775147591e-01
2.500986193293885385e-01,5.455621301775147591e-01
2.500986193293885385e-01,5.467455621301775537e-01
2.512820512820512775e-01,5.467455621301775537e-01
2.512820512820512775e-01,5.491124260355029207e-01
2.516765285996055423e-01,5.491124260355029207e-01
2.516765285996055423e-01,5.502958579881657153e-01
2.520710059171597517e-01,5.502958579881657153e-01
2.520710059171597517e-01,5.514792899408283988e-01
2.536489151873767001e-01,5.514792899408283988e-01
2.536489151873767001e-01,5.526627218934910823e-01
2.544378698224852298e-01,5.526627218934910823e-01
2.544378698224852298e-01,5.562130177514792440e-01
2.552268244575937040e-01,5.562130177514792440e-01
2.552268244575937040e-01,5.573964497041420385e-01
2.568047337278106523e-01,5.573964497041420385e-01
2.568047337278106523e-01,5.585798816568047220e-01
2.571992110453649172e-01,5.585798816568047220e-01
2.571992110453649172e-01,5.597633136094674056e-01
2.579881656804733914e-01,5.597633136094674056e-01
2.579881656804733914e-01,5.644970414201183617e-01
2.583826429980276007e-01,5.644970414201183617e-01
2.583826429980276007e-01,5.656804733727810452e-01
2.619329388560157623e-01,5.656804733727810452e-01
2.619329388560157623e-01,5.668639053254438398e-01
2.635108481262327662e-01,5.668639053254438398e-01
2.635108481262327662e-01,5.692307692307692069e-01
2.658777120315581888e-01,5.692307692307692069e-01
2.658777120315581888e-01,5.704142011834320014e-01
2.662721893491124536e-01,5.704142011834320014e-01
2.662721893491124536e-01,5.715976331360946849e-01
2.690335305719920855e-01,5.715976331360946849e-01
2.690335305719920855e-01,5.727810650887573685e-01
2.702169625246548246e-01,5.727810650887573685e-01
2.702169625246548246e-01,5.739644970414201630e-01
2.721893491124260378e-01,5.739644970414201630e-01
2.721893491124260378e-01,5.751479289940828465e-01
2.725838264299803027e-01,5.751479289940828465e-01
2.725838264299803027e-01,5.775147928994083246e-01
2.749506903353057252e-01,5.775147928994083246e-01
2.749506903353057252e-01,5.798816568047336917e-01
2.757396449704141994e-01,5.798816568047336917e-01
2.757396449704141994e-01,5.822485207100591698e-01
2.769230769230769384e-01,5.822485207100591698e-01
2.769230769230769384e-01,5.834319526627218533e-01
2.796844181459566259e-01,5.834319526627218533e-01
2.796844181459566259e-01,5.846153846153846478e-01
2.828402366863905226e-01,5.846153846153846478e-01
2.828402366863905226e-01,5.869822485207100149e-01
2.840236686390532617e-01,5.869822485207100149e-01
2.840236686390532617e-01,5.905325443786981765e-01
2.859960552268244749e-01,5.905325443786981765e-01
2.859960552268244749e-01,5.940828402366863381e-01
2.863905325443786842e-01,5.940828402366863381e-01
2.863905325443786842e-01,5.964497041420118162e-01
2.883629191321498975e-01,5.964497041420118162e-01
2.883629191321498975e-01,5.976331360946746107e-01
2.903353057199211107e-01,5.976331360946746107e-01
2.903353057199211107e-01,5.988165680473372943e-01
2.907297830374753200e-01,5.988165680473372943e-01
2.907297830374753200e-01,5.999999999999999778e-01
2.911242603550295849e-01,5.999999999999999778e-01
2.911242603550295849e-01,6.023668639053254559e-01
2.915187376725838497e-01,6.023668639053254559e-01
2.915187376725838497e-01,6.035502958579881394e-01
2.919132149901380591e-01,6.035502958579881394e-01
2.919132149901380591e-01,6.047337278106509340e-01
2.950690335305720113e-01,6.047337278106509340e-01
2.950690335305720113e-01,6.059171597633136175e-01
2.966469428007889597e-01,6.059171597633136175e-01
2.966469428007889597e-01,6.071005917159763010e-01
2.978303747534516988e-01,6.071005917159763010e-01
2.978303747534516988e-01,6.082840236686390956e-01
2.998027613412228565e-01,6.082840236686390956e-01
2.998027613412228565e-01,6.094674556213017791e-01
3.001972386587771213e-01,6.094674556213017791e-01
3.001972386587771213e-01,6.106508875739644626e-01
3.005917159763313862e-01,6.106508875739644626e-01
3.005917159763313862e-01,6.130177514792899407e-01
3.021696252465483346e-01,6.130177514792899407e-01
3.021696252465483346e-01,6.153846153846154188e-01
3.033530571992110181e-01,6.153846153846154188e-01
3.041420118343195478e-01,6.153846153846154188e-01
3.049309664694280220e-01,6.153846153846154188e-01
3.049309664694280220e-01,6.165680473372781023e-01
3.053254437869822313e-01,6.165680473372781023e-01
3.053254437869822313e-01,6.189349112426035804e-01
3.065088757396449703e-01,6.189349112426035804e-01
3.065088757396449703e-01,6.201183431952662639e-01
3.072978303747534445e-01,6.201183431952662639e-01
3.104536489151873968e-01,6.201183431952662639e-01
3.104536489151873968e-01,6.213017751479289474e-01
3.108481262327416061e-01,6.213017751479289474e-01
3.108481262327416061e-01,6.224852071005917420e-01
3.112426035502958710e-01,6.224852071005917420e-01
3.112426035502958710e-01,6.236686390532544255e-01
3.116370808678500803e-01,6.236686390532544255e-01
3.116370808678500803e-01,6.260355029585799036e-01
3.124260355029585545e-01,6.260355029585799036e-01
3.124260355029585545e-01,6.272189349112425871e-01
3.128205128205128194e-01,6.272189349112425871e-01
3.128205128205128194e-01,6.307692307692307487e-01
3.136094674556212936e-01,6.307692307692307487e-01
3.136094674556212936e-01,6.319526627218935433e-01
3.191321499013806684e-01,6.319526627218935433e-01
3.191321499013806684e-01,6.331360946745562268e-01
3.199211045364891426e-01,6.331360946745562268e-01
3.199211045364891426e-01,6.355029585798817049e-01
3.214990138067060910e-01,6.355029585798817049e-01
3.214990138067060910e-01,6.366863905325443884e-01
3.218934911242603558e-01,6.366863905325443884e-01
3.218934911242603558e-01,6.390532544378698665e-01
3.226824457593688300e-01,6.390532544378698665e-01
3.226824457593688300e-01,6.402366863905325500e-01
3.250493096646942526e-01,6.402366863905325500e-01
3.250493096646942526e-01,6.414201183431952336e-01
3.282051282051282048e-01,6.414201183431952336e-01
3.282051282051282048e-01,6.426035502958580281e-01
3.325443786982248406e-01,6.426035502958580281e-01
3.325443786982248406e-01,6.437869822485207116e-01
3.337278106508875797e-01,6.437869822485207116e-01
3.337278106508875797e-01,6.449704142011833952e-01
3.357001972386587929e-01,6.449704142011833952e-01
3.357001972386587929e-01,6.461538461538461897e-01
3.360946745562130022e-01,6.461538461538461897e-01
3.360946745562130022e-01,6.485207100591715568e-01
3.364891518737672671e-01,6.485207100591715568e-01
3.364891518737672671e-01,6.532544378698225129e-01
3.368836291913214764e-01,6.532544378698225129e-01
3.368836291913214764e-01,6.556213017751478800e-01
3.372781065088757413e-01,6.556213017751478800e-01
3.372781065088757413e-01,6.568047337278106745e-01
3.384615384615384803e-01,6.568047337278106745e-01
3.384615384615384803e-01,6.579881656804733581e-01
3.388560157790926897e-01,6.579881656804733581e-01
3.388560157790926897e-01,6.615384615384615197e-01
3.392504930966469545e-01,6.615384615384615197e-01
3.392504930966469545e-01,6.627218934911243142e-01
3.396449704142011639e-01,6.627218934911243142e-01
3.396449704142011639e-01,6.662721893491124758e-01
3.424063116370808513e-01,6.662721893491124758e-01
3.424063116370808513e-01,6.686390532544378429e-01
3.431952662721893255e-01,6.686390532544378429e-01
3.431952662721893255e-01,6.698224852071006374e-01
3.463510848126232777e-01,6.698224852071006374e-01
3.463510848126232777e-01,6.710059171597633210e-01
3.467455621301774871e-01,6.710059171597633210e-01
3.467455621301774871e-01,6.721893491124260045e-01
3.479289940828402261e-01,6.721893491124260045e-01
3.479289940828402261e-01,6.733727810650887990e-01
3.483234714003944910e-01,6.733727810650887990e-01
3.483234714003944910e-01,6.757396449704141661e-01
3.495069033530571745e-01,6.757396449704141661e-01
3.495069033530571745e-01,6.769230769230769607e-01
3.510848126232741784e-01,6.769230769230769607e-01
3.510848126232741784e-01,6.781065088757396442e-01
3.534516765285996009e-01,6.781065088757396442e-01
3.534516765285996009e-01,6.792899408284023277e-01
3.546351084812623400e-01,6.792899408284023277e-01
3.546351084812623400e-01,6.840236686390532839e-01
3.554240631163708142e-01,6.840236686390532839e-01
3.554240631163708142e-01,6.852071005917159674e-01
3.558185404339250235e-01,6.852071005917159674e-01
3.558185404339250235e-01,6.863905325443786509e-01
3.593688362919132406e-01,6.863905325443786509e-01
3.593688362919132406e-01,6.875739644970414455e-01
3.621301775147928725e-01,6.875739644970414455e-01
3.621301775147928725e-01,6.899408284023668125e-01
3.644970414201183506e-01,6.899408284023668125e-01
3.644970414201183506e-01,6.911242603550296071e-01
3.652859960552268248e-01,6.911242603550296071e-01
3.652859960552268248e-01,6.923076923076922906e-01
3.668639053254437732e-01,6.923076923076922906e-01
3.668639053254437732e-01,6.934911242603549741e-01
3.672583826429980380e-01,6.934911242603549741e-01
3.672583826429980380e-01,6.946745562130177687e-01
3.688362919132149864e-01,6.946745562130177687e-01
3.688362919132149864e-01,6.958579881656804522e-01
3.708086785009861996e-01,6.958579881656804522e-01
3.708086785009861996e-01,6.970414201183432468e-01
3.723865877712031480e-01,6.970414201183432468e-01
3.723865877712031480e-01,6.982248520710059303e-01
3.739644970414200964e-01,6.982248520710059303e-01
3.739644970414200964e-01,6.994082840236686138e-01
3.747534516765286261e-01,6.994082840236686138e-01
3.747534516765286261e-01,7.017751479289940919e-01
3.767258382642997838e-01,7.017751479289940919e-01
3.767258382642997838e-01,7.029585798816567754e-01
3.771203155818540487e-01,7.029585798816567754e-01
3.771203155818540487e-01,7.041420118343195700e-01
3.786982248520709970e-01,7.041420118343195700e-01
3.786982248520709970e-01,7.053254437869822535e-01
3.794871794871794712e-01,7.053254437869822535e-01
3.794871794871794712e-01,7.076923076923077316e-01
3.818540433925049493e-01,7.076923076923077316e-01
3.818540433925049493e-01,7.088757396449704151e-01
3.830374753451676328e-01,7.088757396449704151e-01
3.830374753451676328e-01,7.124260355029585767e-01
3.869822485207100593e-01,7.124260355029585767e-01
3.869822485207100593e-01,7.147928994082840548e-01
3.893491124260354819e-01,7.147928994082840548e-01
3.893491124260354819e-01,7.171597633136094219e-01
3.901380670611440116e-01,7.171597633136094219e-01
3.901380670611440116e-01,7.183431952662722164e-01
3.905325443786982209e-01,7.183431952662722164e-01
3.905325443786982209e-01,7.195266272189348999e-01
3.932938856015779083e-01,7.195266272189348999e-01
3.932938856015779083e-01,7.207100591715975835e-01
3.960552268244575957e-01,7.207100591715975835e-01
3.960552268244575957e-01,7.218934911242603780e-01
3.964497041420118606e-01,7.218934911242603780e-01
3.964497041420118606e-01,7.230769230769230616e-01
4.023668639053254448e-01,7.230769230769230616e-01
4.023668639053254448e-01,7.254437869822485396e-01
4.031558185404339190e-01,7.254437869822485396e-01
4.031558185404339190e-01,7.278106508875740177e-01
4.035502958579881838e-01,7.278106508875740177e-01
4.035502958579881838e-01,7.289940828402367012e-01
4.055226824457593415e-01,7.289940828402367012e-01
4.055226824457593415e-01,7.313609467455621793e-01
4.059171597633136064e-01,7.313609467455621793e-01
4.059171597633136064e-01,7.325443786982248628e-01
4.063116370808678712e-01,7.325443786982248628e-01
4.063116370808678712e-01,7.337278106508875464e-01
4.078895463510848196e-01,7.337278106508875464e-01
4.078895463510848196e-01,7.349112426035503409e-01
4.086785009861932938e-01,7.349112426035503409e-01
4.118343195266272461e-01,7.349112426035503409e-01
4.118343195266272461e-01,7.372781065088757080e-01
4.126232741617357203e-01,7.372781065088757080e-01
4.126232741617357203e-01,7.384615384615385025e-01
4.142011834319526686e-01,7.384615384615385025e-01
4.142011834319526686e-01,7.396449704142011861e-01
4.161735700197238819e-01,7.396449704142011861e-01
4.161735700197238819e-01,7.408284023668638696e-01
4.177514792899408302e-01,7.408284023668638696e-01
4.177514792899408302e-01,7.420118343195266641e-01
4.189349112426035693e-01,7.420118343195266641e-01
4.189349112426035693e-01,7.431952662721893477e-01
4.213017751479289918e-01,7.431952662721893477e-01
4.213017751479289918e-01,7.443786982248520312e-01
4.216962524654832567e-01,7.443786982248520312e-01
4.216962524654832567e-01,7.479289940828401928e-01
4.224852071005917309e-01,7.479289940828401928e-01
4.224852071005917309e-01,7.491124260355029874e-01
4.252465483234714183e-01,7.491124260355029874e-01
4.252465483234714183e-01,7.502958579881656709e-01
4.256410256410256276e-01,7.502958579881656709e-01
4.256410256410256276e-01,7.514792899408283544e-01
4.272189349112425760e-01,7.514792899408283544e-01
4.272189349112425760e-01,7.526627218934911490e-01
4.276134122287968409e-01,7.526627218934911490e-01
4.276134122287968409e-01,7.538461538461538325e-01
4.284023668639053151e-01,7.538461538461538325e-01
4.284023668639053151e-01,7.550295857988165160e-01
4.311637080867850025e-01,7.550295857988165160e-01
4.311637080867850025e-01,7.562130177514793106e-01
4.331360946745562157e-01,7.562130177514793106e-01
4.331360946745562157e-01,7.573964497041419941e-01
4.358974358974359031e-01,7.573964497041419941e-01
4.366863905325443773e-01,7.573964497041419941e-01
4.370808678500986422e-01,7.573964497041419941e-01
4.370808678500986422e-01,7.585798816568047886e-01
4.390532544378697999e-01,7.585798816568047886e-01
4.390532544378697999e-01,7.597633136094674722e-01
4.398422090729783296e-01,7.597633136094674722e-01
4.398422090729783296e-01,7.609467455621301557e-01
4.410256410256410131e-01,7.609467455621301557e-01
4.410256410256410131e-01,7.621301775147929503e-01
4.426035502958579615e-01,7.621301775147929503e-01
4.426035502958579615e-01,7.656804733727811119e-01
4.445759368836291747e-01,7.656804733727811119e-01
4.445759368836291747e-01,7.668639053254437954e-01
4.465483234714003880e-01,7.668639053254437954e-01
4.465483234714003880e-01,7.680473372781064789e-01
4.489151873767258105e-01,7.680473372781064789e-01
4.489151873767258105e-01,7.704142011834319570e-01
4.516765285996054979e-01,7.704142011834319570e-01
4.516765285996054979e-01,7.715976331360946405e-01
4.520710059171597628e-01,7.715976331360946405e-01
4.520710059171597628e-01,7.727810650887574351e-01
4.568047337278106634e-01,7.727810650887574351e-01
4.568047337278106634e-01,7.739644970414201186e-01
4.591715976331360860e-01,7.739644970414201186e-01
4.591715976331360860e-01,7.751479289940828021e-01
4.603550295857988250e-01,7.751479289940828021e-01
4.603550295857988250e-01,7.775147928994082802e-01
4.615384615384615641e-01,7.775147928994082802e-01
4.623274161735700383e-01,7.775147928994082802e-01
4.623274161735700383e-01,7.786982248520709637e-01
4.627218934911242476e-01,7.786982248520709637e-01
4.627218934911242476e-01,7.798816568047337583e-01
4.646942800788954608e-01,7.798816568047337583e-01
4.646942800788954608e-01,7.810650887573964418e-01
4.670611439842208834e-01,7.810650887573964418e-01
4.670611439842208834e-01,7.822485207100591253e-01
4.690335305719920966e-01,7.822485207100591253e-01
4.690335305719920966e-01,7.846153846153846034e-01
4.694280078895463615e-01,7.846153846153846034e-01
4.694280078895463615e-01,7.857988165680472870e-01
4.706114398422091005e-01,7.857988165680472870e-01
4.706114398422091005e-01,7.881656804733727650e-01
4.710059171597633099e-01,7.881656804733727650e-01
4.710059171597633099e-01,7.893491124260354486e-01
4.714003944773175747e-01,7.893491124260354486e-01
4.714003944773175747e-01,7.905325443786982431e-01
4.741617357001972621e-01,7.905325443786982431e-01
4.741617357001972621e-01,7.928994082840237212e-01
4.761341222879684199e-01,7.928994082840237212e-01
4.761341222879684199e-01,7.952662721893490883e-01
4.781065088757396331e-01,7.952662721893490883e-01
4.781065088757396331e-01,7.964497041420118828e-01
4.804733727810651112e-01,7.964497041420118828e-01
4.804733727810651112e-01,7.976331360946745663e-01
4.836291913214990079e-01,7.976331360946745663e-01
4.836291913214990079e-01,8.000000000000000444e-01
4.840236686390532728e-01,8.000000000000000444e-01
4.840236686390532728e-01,8.011834319526627279e-01
4.848126232741617470e-01,8.011834319526627279e-01
4.856015779092702211e-01,8.011834319526627279e-01
4.856015779092702211e-01,8.023668639053254115e-01
4.871794871794871695e-01,8.023668639053254115e-01
4.871794871794871695e-01,8.035502958579882060e-01
4.903353057199211218e-01,8.035502958579882060e-01
4.903353057199211218e-01,8.047337278106508895e-01
4.930966469428008092e-01,8.047337278106508895e-01
4.930966469428008092e-01,8.071005917159763676e-01
4.934911242603550185e-01,8.071005917159763676e-01
4.934911242603550185e-01,8.082840236686390512e-01
4.946745562130177576e-01,8.082840236686390512e-01
4.946745562130177576e-01,8.094674556213017347e-01
4.950690335305719669e-01,8.094674556213017347e-01
4.950690335305719669e-01,8.118343195266272128e-01
4.970414201183431802e-01,8.118343195266272128e-01
4.970414201183431802e-01,8.130177514792898963e-01
4.994082840236686582e-01,8.130177514792898963e-01
4.994082840236686582e-01,8.142011834319526908e-01
5.001972386587770769e-01,8.142011834319526908e-01
5.001972386587770769e-01,8.153846153846153744e-01
5.005917159763313418e-01,8.153846153846153744e-01
5.005917159763313418e-01,8.165680473372780579e-01
5.009861932938856066e-01,8.165680473372780579e-01
5.009861932938856066e-01,8.177514792899408524e-01
5.025641025641025550e-01,8.177514792899408524e-01
5.025641025641025550e-01,8.189349112426035360e-01
5.029585798816568198e-01,8.189349112426035360e-01
5.029585798816568198e-01,8.201183431952662195e-01
5.057199211045364518e-01,8.201183431952662195e-01
5.057199211045364518e-01,8.213017751479290141e-01
5.076923076923076650e-01,8.213017751479290141e-01
5.076923076923076650e-01,8.224852071005916976e-01
5.080867850098619298e-01,8.224852071005916976e-01
5.080867850098619298e-01,8.236686390532544921e-01
5.084812623274161947e-01,8.236686390532544921e-01
5.084812623274161947e-01,8.248520710059171757e-01
5.124260355029586211e-01,8.248520710059171757e-01
5.124260355029586211e-01,8.260355029585798592e-01
5.132149901380670398e-01,8.260355029585798592e-01
5.155818540433925179e-01,8.260355029585798592e-01
5.155818540433925179e-01,8.272189349112426537e-01
5.171597633136094663e-01,8.272189349112426537e-01
5.171597633136094663e-01,8.284023668639053373e-01
5.203155818540433630e-01,8.284023668639053373e-01
5.203155818540433630e-01,8.295857988165680208e-01
5.207100591715976279e-01,8.295857988165680208e-01
5.207100591715976279e-01,8.307692307692308153e-01
5.214990138067061576e-01,8.307692307692308153e-01
5.222879684418145763e-01,8.307692307692308153e-01
5.246548323471400543e-01,8.307692307692308153e-01
5.246548323471400543e-01,8.319526627218934989e-01
5.254437869822484730e-01,8.319526627218934989e-01
5.254437869822484730e-01,8.331360946745561824e-01
5.285996055226824808e-01,8.331360946745561824e-01
5.301775147928994292e-01,8.331360946745561824e-01
5.364891518737672227e-01,8.331360946745561824e-01
5.364891518737672227e-01,8.343195266272189770e-01
5.388560157790927008e-01,8.343195266272189770e-01
5.388560157790927008e-01,8.355029585798816605e-01
5.424063116370808624e-01,8.355029585798816605e-01
5.424063116370808624e-01,8.378698224852071386e-01
5.428007889546351272e-01,8.378698224852071386e-01
5.428007889546351272e-01,8.414201183431953002e-01
5.439842209072978108e-01,8.414201183431953002e-01
5.439842209072978108e-01,8.426035502958579837e-01
5.455621301775147591e-01,8.426035502958579837e-01
5.455621301775147591e-01,8.437869822485206672e-01
5.459566074950690240e-01,8.437869822485206672e-01
5.459566074950690240e-01,8.449704142011834618e-01
5.491124260355029207e-01,8.449704142011834618e-01
5.491124260355029207e-01,8.461538461538461453e-01
5.502958579881657153e-01,8.461538461538461453e-01
5.502958579881657153e-01,8.473372781065088288e-01
5.546351084812622956e-01,8.473372781065088288e-01
5.546351084812622956e-01,8.485207100591716234e-01
5.558185404339250901e-01,8.485207100591716234e-01
5.558185404339250901e-01,8.497041420118343069e-01
5.566074950690335088e-01,8.497041420118343069e-01
5.573964497041420385e-01,8.497041420118343069e-01
5.577909270216963034e-01,8.497041420118343069e-01
5.577909270216963034e-01,8.508875739644969904e-01
5.593688362919132517e-01,8.508875739644969904e-01
5.593688362919132517e-01,8.520710059171597850e-01
5.637080867850098320e-01,8.520710059171597850e-01
5.637080867850098320e-01,8.544378698224851520e-01
5.641025641025640969e-01,8.544378698224851520e-01
5.641025641025640969e-01,8.568047337278106301e-01
5.652859960552267804e-01,8.568047337278106301e-01
5.652859960552267804e-01,8.591715976331361082e-01
5.700197238658777366e-01,8.591715976331361082e-01
5.700197238658777366e-01,8.603550295857987917e-01
5.715976331360946849e-01,8.603550295857987917e-01
5.715976331360946849e-01,8.615384615384615863e-01
5.739644970414201630e-01,8.615384615384615863e-01
5.739644970414201630e-01,8.627218934911242698e-01
5.747534516765285817e-01,8.627218934911242698e-01
5.747534516765285817e-01,8.650887573964497479e-01
5.751479289940828465e-01,8.650887573964497479e-01
5.751479289940828465e-01,8.662721893491124314e-01
5.771203155818540598e-01,8.662721893491124314e-01
5.771203155818540598e-01,8.674556213017751150e-01
5.779092702169624785e-01,8.674556213017751150e-01
5.779092702169624785e-01,8.698224852071005930e-01
5.794871794871795379e-01,8.698224852071005930e-01
5.794871794871795379e-01,8.710059171597632766e-01
5.810650887573964862e-01,8.710059171597632766e-01
5.810650887573964862e-01,8.721893491124260711e-01
5.834319526627218533e-01,8.721893491124260711e-01
5.834319526627218533e-01,8.733727810650887546e-01
5.869822485207100149e-01,8.733727810650887546e-01
5.869822485207100149e-01,8.745562130177514382e-01
5.960552268244575513e-01,8.745562130177514382e-01
5.960552268244575513e-01,8.757396449704142327e-01
5.964497041420118162e-01,8.757396449704142327e-01
5.964497041420118162e-01,8.769230769230769162e-01
6.003944773175542426e-01,8.769230769230769162e-01
6.003944773175542426e-01,8.792899408284023943e-01
6.035502958579881394e-01,8.792899408284023943e-01
6.035502958579881394e-01,8.804733727810650779e-01
6.047337278106509340e-01,8.804733727810650779e-01
6.047337278106509340e-01,8.816568047337277614e-01
6.102564102564103088e-01,8.816568047337277614e-01
6.110453648915187275e-01,8.816568047337277614e-01
6.142011834319526242e-01,8.816568047337277614e-01
6.142011834319526242e-01,8.828402366863905559e-01
6.149901380670611539e-01,8.828402366863905559e-01
6.149901380670611539e-01,8.840236686390532395e-01
6.161735700197238375e-01,8.840236686390532395e-01
6.161735700197238375e-01,8.852071005917159230e-01
6.173570019723866320e-01,8.852071005917159230e-01
6.173570019723866320e-01,8.863905325443787175e-01
6.177514792899407858e-01,8.863905325443787175e-01
6.177514792899407858e-01,8.875739644970414011e-01
6.201183431952662639e-01,8.875739644970414011e-01
6.201183431952662639e-01,8.899408284023668791e-01
6.236686390532544255e-01,8.899408284023668791e-01
6.236686390532544255e-01,8.923076923076923572e-01
6.280078895463511168e-01,8.923076923076923572e-01
6.280078895463511168e-01,8.934911242603550408e-01
6.335305719921104917e-01,8.934911242603550408e-01
6.335305719921104917e-01,8.946745562130177243e-01
6.347140039447731752e-01,8.946745562130177243e-01
6.347140039447731752e-01,8.958579881656805188e-01
6.355029585798817049e-01,8.958579881656805188e-01
6.355029585798817049e-01,8.970414201183432024e-01
6.358974358974358587e-01,8.970414201183432024e-01
6.358974358974358587e-01,8.982248520710058859e-01
6.382642998027613368e-01,8.982248520710058859e-01
6.382642998027613368e-01,8.994082840236686804e-01
6.386587771203156016e-01,8.994082840236686804e-01
6.386587771203156016e-01,9.005917159763313640e-01
6.398422090729782852e-01,9.005917159763313640e-01
6.418145956607494984e-01,9.005917159763313640e-01
6.418145956607494984e-01,9.017751479289940475e-01
6.441814595660749765e-01,9.017751479289940475e-01
6.441814595660749765e-01,9.029585798816568420e-01
6.469428007889546084e-01,9.029585798816568420e-01
6.469428007889546084e-01,9.041420118343195256e-01
6.489151873767258216e-01,9.041420118343195256e-01
6.489151873767258216e-01,9.053254437869822091e-01
6.497041420118343513e-01,9.053254437869822091e-01
6.497041420118343513e-01,9.065088757396450037e-01
6.508875739644970349e-01,9.065088757396450037e-01
6.508875739644970349e-01,9.076923076923076872e-01
6.516765285996055646e-01,9.076923076923076872e-01
6.571992110453649394e-01,9.076923076923076872e-01
6.571992110453649394e-01,9.088757396449703707e-01
6.615384615384615197e-01,9.088757396449703707e-01
6.615384615384615197e-01,9.100591715976331653e-01
6.619329388560157845e-01,9.100591715976331653e-01
6.619329388560157845e-01,9.112426035502958488e-01
6.631163708086784681e-01,9.112426035502958488e-01
6.631163708086784681e-01,9.124260355029585323e-01
6.642998027613412626e-01,9.124260355029585323e-01
6.642998027613412626e-01,9.136094674556213269e-01
6.757396449704141661e-01,9.136094674556213269e-01
6.757396449704141661e-01,9.147928994082840104e-01
6.804733727810651223e-01,9.147928994082840104e-01
6.804733727810651223e-01,9.159763313609466939e-01
6.856015779092702322e-01,9.159763313609466939e-01
6.856015779092702322e-01,9.171597633136094885e-01
6.903353057199210774e-01,9.171597633136094885e-01
6.903353057199210774e-01,9.183431952662721720e-01
6.962524654832347171e-01,9.183431952662721720e-01
6.962524654832347171e-01,9.195266272189349666e-01
6.990138067061143490e-01,9.195266272189349666e-01
6.990138067061143490e-01,9.207100591715976501e-01
6.998027613412228787e-01,9.207100591715976501e-01
6.998027613412228787e-01,9.218934911242603336e-01
7.005917159763314084e-01,9.218934911242603336e-01
7.013806706114398271e-01,9.218934911242603336e-01
7.021696252465483568e-01,9.218934911242603336e-01
7.021696252465483568e-01,9.230769230769231282e-01
7.045364891518737238e-01,9.230769230769231282e-01
7.053254437869822535e-01,9.230769230769231282e-01
7.069033530571992019e-01,9.230769230769231282e-01
7.069033530571992019e-01,9.242603550295858117e-01
7.072978303747534667e-01,9.242603550295858117e-01
7.072978303747534667e-01,9.254437869822484952e-01
7.104536489151873635e-01,9.254437869822484952e-01
7.104536489151873635e-01,9.266272189349112898e-01
7.140039447731755251e-01,9.266272189349112898e-01
7.140039447731755251e-01,9.278106508875739733e-01
7.238658777120315913e-01,9.278106508875739733e-01
7.238658777120315913e-01,9.289940828402366568e-01
7.270216962524654880e-01,9.289940828402366568e-01
7.270216962524654880e-01,9.301775147928994514e-01
7.337278106508875464e-01,9.301775147928994514e-01
7.337278106508875464e-01,9.313609467455621349e-01
7.424063116370808180e-01,9.313609467455621349e-01
7.424063116370808180e-01,9.325443786982248184e-01
7.435897435897436125e-01,9.325443786982248184e-01
7.435897435897436125e-01,9.337278106508876130e-01
7.463510848126232444e-01,9.337278106508876130e-01
7.463510848126232444e-01,9.349112426035502965e-01
7.495069033530572522e-01,9.349112426035502965e-01
7.495069033530572522e-01,9.360946745562129800e-01
7.534516765285995676e-01,9.360946745562129800e-01
7.534516765285995676e-01,9.372781065088757746e-01
7.538461538461538325e-01,9.372781065088757746e-01
7.538461538461538325e-01,9.384615384615384581e-01
7.566074950690335754e-01,9.384615384615384581e-01
7.566074950690335754e-01,9.396449704142011417e-01
7.577909270216962589e-01,9.396449704142011417e-01
7.577909270216962589e-01,9.408284023668639362e-01
7.609467455621301557e-01,9.408284023668639362e-01
7.609467455621301557e-01,9.420118343195266197e-01
7.621301775147929503e-01,9.420118343195266197e-01
7.629191321499013689e-01,9.420118343195266197e-01
7.660749506903352657e-01,9.420118343195266197e-01
7.660749506903352657e-01,9.431952662721893033e-01
7.676528599605522141e-01,9.431952662721893033e-01
7.676528599605522141e-01,9.443786982248520978e-01
7.786982248520709637e-01,9.443786982248520978e-01
7.786982248520709637e-01,9.455621301775147813e-01
7.818540433925049715e-01,9.455621301775147813e-01
7.818540433925049715e-01,9.467455621301774649e-01
7.830374753451676550e-01,9.467455621301774649e-01
7.830374753451676550e-01,9.479289940828402594e-01
7.834319526627219199e-01,9.479289940828402594e-01
7.834319526627219199e-01,9.514792899408284210e-01
7.854043392504931331e-01,9.514792899408284210e-01
7.854043392504931331e-01,9.526627218934911046e-01
7.984220907297829850e-01,9.526627218934911046e-01
7.984220907297829850e-01,9.538461538461538991e-01
7.988165680473372499e-01,9.538461538461538991e-01
7.988165680473372499e-01,9.550295857988165826e-01
8.031558185404339412e-01,9.550295857988165826e-01
8.031558185404339412e-01,9.562130177514792662e-01
8.051282051282051544e-01,9.562130177514792662e-01
8.051282051282051544e-01,9.573964497041420607e-01
8.098619329388559995e-01,9.573964497041420607e-01
8.098619329388559995e-01,9.585798816568047442e-01
8.130177514792898963e-01,9.585798816568047442e-01
8.130177514792898963e-01,9.597633136094674278e-01
8.138067061143984260e-01,9.597633136094674278e-01
8.138067061143984260e-01,9.609467455621302223e-01
8.161735700197239041e-01,9.609467455621302223e-01
8.161735700197239041e-01,9.621301775147929058e-01
8.216962524654832789e-01,9.621301775147929058e-01
8.216962524654832789e-01,9.633136094674555894e-01
8.232741617357002273e-01,9.633136094674555894e-01
8.232741617357002273e-01,9.644970414201183839e-01
8.248520710059171757e-01,9.644970414201183839e-01
8.256410256410255943e-01,9.644970414201183839e-01
8.295857988165680208e-01,9.644970414201183839e-01
8.295857988165680208e-01,9.656804733727810675e-01
8.335305719921104473e-01,9.656804733727810675e-01
8.343195266272189770e-01,9.656804733727810675e-01
8.343195266272189770e-01,9.668639053254437510e-01
8.347140039447731308e-01,9.668639053254437510e-01
8.347140039447731308e-01,9.680473372781065455e-01
8.366863905325443440e-01,9.680473372781065455e-01
8.366863905325443440e-01,9.692307692307692291e-01
8.406311637080867705e-01,9.692307692307692291e-01
8.406311637080867705e-01,9.715976331360947071e-01
8.414201183431953002e-01,9.715976331360947071e-01
8.414201183431953002e-01,9.727810650887573907e-01
8.477317554240630937e-01,9.727810650887573907e-01
8.477317554240630937e-01,9.739644970414200742e-01
8.481262327416173585e-01,9.739644970414200742e-01
8.481262327416173585e-01,9.751479289940828687e-01
8.607495069033530566e-01,9.751479289940828687e-01
8.607495069033530566e-01,9.763313609467455523e-01
8.619329388560157401e-01,9.763313609467455523e-01
8.619329388560157401e-01,9.786982248520710304e-01
8.666666666666666963e-01,9.786982248520710304e-01
8.666666666666666963e-01,9.798816568047337139e-01
8.670611439842209611e-01,9.798816568047337139e-01
8.670611439842209611e-01,9.810650887573963974e-01
8.785009861932938646e-01,9.810650887573963974e-01
8.785009861932938646e-01,9.822485207100591920e-01
8.804733727810650779e-01,9.822485207100591920e-01
8.804733727810650779e-01,9.834319526627218755e-01
8.856015779092701878e-01,9.834319526627218755e-01
8.856015779092701878e-01,9.846153846153846700e-01
8.930966469428007759e-01,9.846153846153846700e-01
8.930966469428007759e-01,9.869822485207100371e-01
8.942800788954634594e-01,9.869822485207100371e-01
8.950690335305719891e-01,9.869822485207100371e-01
8.966469428007889375e-01,9.869822485207100371e-01
8.966469428007889375e-01,9.881656804733728316e-01
8.978303747534516210e-01,9.881656804733728316e-01
8.986193293885601507e-01,9.881656804733728316e-01
9.001972386587770991e-01,9.881656804733728316e-01
9.001972386587770991e-01,9.893491124260355152e-01
9.009861932938856288e-01,9.893491124260355152e-01
9.009861932938856288e-01,9.905325443786981987e-01
9.029585798816568420e-01,9.905325443786981987e-01
9.029585798816568420e-01,9.928994082840236768e-01
9.037475345167652607e-01,9.928994082840236768e-01
9.061143984220907388e-01,9.928994082840236768e-01
9.061143984220907388e-01,9.940828402366863603e-01
9.112426035502958488e-01,9.940828402366863603e-01
9.112426035502958488e-01,9.952662721893491549e-01
9.143984220907297455e-01,9.952662721893491549e-01
9.143984220907297455e-01,9.976331360946745219e-01
9.214990138067060688e-01,9.976331360946745219e-01
9.214990138067060688e-01,9.988165680473373165e-01
9.609467455621302223e-01,9.988165680473373165e-01
9.609467455621302223e-01,1.000000000000000000e+00
1.000000000000000000e+00,1.000000000000000000e+00
