FPR,TPR
0.000000000000000000e+00,0.000000000000000000e+00
0.000000000000000000e+00,1.831501831501831500e-03
0.000000000000000000e+00,3.663003663003663000e-03
6.105006105006105001e-04,3.663003663003663000e-03
6.105006105006105001e-04,1.648351648351648394e-02
2.442002442002442000e-03,1.648351648351648394e-02
2.442002442002442000e-03,2.014652014652014780e-02
3.052503052503052500e-03,2.014652014652014780e-02
3.052503052503052500e-03,2.930402930402930400e-02
4.273504273504273934e-03,2.930402930402930400e-02
4.273504273504273934e-03,3.479853479853479981e-02
4.884004884004884001e-03,3.479853479853479981e-02
4.884004884004884001e-03,3.846153846153846367e-02
5.494505494505494934e-03,3.846153846153846367e-02
5.494505494505494934e-03,4.212454212454212754e-02
6.105006105006105001e-03,4.212454212454212754e-02
6.105006105006105001e-03,4.395604395604395948e-02
6.715506715506715935e-03,4.395604395604395948e-02
6.715506715506715935e-03,4.578754578754578447e-02
7.326007326007326001e-03,4.578754578754578447e-02
7.326007326007326001e-03,4.761904761904761640e-02
9.157509157509157935e-03,4.761904761904761640e-02
9.157509157509157935e-03,4.945054945054944834e-02
9.768009768009768001e-03,4.945054945054944834e-02
9.768009768009768001e-03,6.043956043956043994e-02
1.037851037851037807e-02,6.043956043956043994e-02
1.037851037851037807e-02,6.776556776556776074e-02
1.159951159951159994e-02,6.776556776556776074e-02
1.159951159951159994e-02,6.959706959706959961e-02
1.221001221001221000e-02,6.959706959706959961e-02
1.221001221001221000e-02,7.509157509157508847e-02
1.282051282051282007e-02,7.509157509157508847e-02
1.282051282051282007e-02,8.058608058608059121e-02
1.343101343101343187e-02,8.058608058608059121e-02
1.343101343101343187e-02,8.241758241758241621e-02
1.404151404151404194e-02,8.241758241758241621e-02
1.404151404151404194e-02,8.608058608058608008e-02
1.465201465201465200e-02,8.608058608058608008e-02
1.465201465201465200e-02,8.791208791208791895e-02
1.831501831501831587e-02,8.791208791208791895e-02
1.831501831501831587e-02,8.974358974358974395e-02
1.892551892551892420e-02,8.974358974358974395e-02
1.892551892551892420e-02,9.340659340659340781e-02
2.319902319902319987e-02,9.340659340659340781e-02
2.319902319902319987e-02,9.523809523809523281e-02
2.380952380952380820e-02,9.523809523809523281e-02
2.380952380952380820e-02,9.890109890109889668e-02
2.442002442002442000e-02,9.890109890109889668e-02
2.442002442002442000e-02,1.007326007326007355e-01
2.564102564102564014e-02,1.007326007326007355e-01
2.564102564102564014e-02,1.098901098901098883e-01
2.625152625152625194e-02,1.098901098901098883e-01
2.625152625152625194e-02,1.117216117216117272e-01
2.808302808302808387e-02,1.117216117216117272e-01
2.808302808302808387e-02,1.135531135531135521e-01
2.991452991452991581e-02,1.135531135531135521e-01
2.991452991452991581e-02,1.153846153846153910e-01
3.052503052503052414e-02,1.153846153846153910e-01
3.052503052503052414e-02,1.190476190476190410e-01
3.113553113553113594e-02,1.190476190476190410e-01
3.113553113553113594e-02,1.245421245421245438e-01
3.174603174603174427e-02,1.245421245421245438e-01
3.174603174603174427e-02,1.300366300366300465e-01
3.235653235653235954e-02,1.300366300366300465e-01
3.235653235653235954e-02,1.336996336996336965e-01
3.296703296703296787e-02,1.336996336996336965e-01
3.296703296703296787e-02,1.373626373626373742e-01
3.479853479853479981e-02,1.373626373626373742e-01
3.479853479853479981e-02,1.410256410256410242e-01
3.540903540903540814e-02,1.410256410256410242e-01
3.540903540903540814e-02,1.428571428571428492e-01
3.724053724053724007e-02,1.428571428571428492e-01
3.724053724053724007e-02,1.465201465201465270e-01
3.785103785103784840e-02,1.465201465201465270e-01
3.785103785103784840e-02,1.483516483516483520e-01
3.846153846153846367e-02,1.483516483516483520e-01
3.846153846153846367e-02,1.501831501831501769e-01
3.907203907203907201e-02,1.501831501831501769e-01
3.907203907203907201e-02,1.520146520146520019e-01
3.968253968253968034e-02,1.520146520146520019e-01
3.968253968253968034e-02,1.593406593406593297e-01
4.029304029304029561e-02,1.593406593406593297e-01
4.151404151404151227e-02,1.593406593406593297e-01
4.151404151404151227e-02,1.648351648351648324e-01
4.212454212454212754e-02,1.648351648351648324e-01
4.212454212454212754e-02,1.666666666666666574e-01
4.395604395604395948e-02,1.666666666666666574e-01
4.395604395604395948e-02,1.758241758241758379e-01
4.578754578754578447e-02,1.758241758241758379e-01
4.578754578754578447e-02,1.794871794871794879e-01
4.761904761904761640e-02,1.794871794871794879e-01
4.761904761904761640e-02,1.849816849816849906e-01
4.822954822954823167e-02,1.849816849816849906e-01
4.822954822954823167e-02,1.886446886446886406e-01
4.945054945054944834e-02,1.886446886446886406e-01
4.945054945054944834e-02,1.923076923076923184e-01
5.006105006105006361e-02,1.923076923076923184e-01
5.006105006105006361e-02,1.941391941391941434e-01
5.128205128205128027e-02,1.941391941391941434e-01
5.128205128205128027e-02,1.978021978021977934e-01
5.189255189255189554e-02,1.978021978021977934e-01
5.189255189255189554e-02,2.087912087912087988e-01
5.250305250305250387e-02,2.087912087912087988e-01
5.250305250305250387e-02,2.161172161172161266e-01
5.311355311355311221e-02,2.161172161172161266e-01
5.311355311355311221e-02,2.179487179487179516e-01
5.433455433455433581e-02,2.179487179487179516e-01
5.433455433455433581e-02,2.216117216117216016e-01
5.616605616605616774e-02,2.216117216117216016e-01
5.616605616605616774e-02,2.252747252747252793e-01
5.921855921855921634e-02,2.252747252747252793e-01
5.921855921855921634e-02,2.271062271062271043e-01
6.166056166056166354e-02,2.271062271062271043e-01
6.166056166056166354e-02,2.289377289377289293e-01
6.410256410256409687e-02,2.289377289377289293e-01
6.410256410256409687e-02,2.326007326007326070e-01
6.471306471306471908e-02,2.326007326007326070e-01
6.471306471306471908e-02,2.344322344322344320e-01
6.715506715506715241e-02,2.344322344322344320e-01
6.715506715506715241e-02,2.362637362637362570e-01
6.776556776556776074e-02,2.362637362637362570e-01
6.776556776556776074e-02,2.380952380952380820e-01
6.898656898656899128e-02,2.380952380952380820e-01
6.898656898656899128e-02,2.435897435897435848e-01
6.959706959706959961e-02,2.435897435897435848e-01
6.959706959706959961e-02,2.454212454212454098e-01
7.081807081807081627e-02,2.454212454212454098e-01
7.081807081807081627e-02,2.472527472527472625e-01
7.448107448107448014e-02,2.472527472527472625e-01
7.448107448107448014e-02,2.490842490842490875e-01
7.570207570207569681e-02,2.490842490842490875e-01
7.570207570207569681e-02,2.509157509157509125e-01
7.631257631257631902e-02,2.509157509157509125e-01
7.631257631257631902e-02,2.527472527472527375e-01
7.875457875457875234e-02,2.527472527472527375e-01
7.875457875457875234e-02,2.545787545787545625e-01
7.997557997557996901e-02,2.545787545787545625e-01
7.997557997557996901e-02,2.564102564102563875e-01
8.058608058608059121e-02,2.564102564102563875e-01
8.058608058608059121e-02,2.619047619047619180e-01
8.119658119658119955e-02,2.619047619047619180e-01
8.119658119658119955e-02,2.637362637362637430e-01
8.180708180708180788e-02,2.637362637362637430e-01
8.180708180708180788e-02,2.655677655677655680e-01
8.241758241758241621e-02,2.655677655677655680e-01
8.241758241758241621e-02,2.673992673992673930e-01
8.424908424908425508e-02,2.673992673992673930e-01
8.424908424908425508e-02,2.710622710622710430e-01
8.547008547008547175e-02,2.710622710622710430e-01
8.547008547008547175e-02,2.747252747252747485e-01
8.608058608058608008e-02,2.747252747252747485e-01
8.608058608058608008e-02,2.765567765567765735e-01
8.974358974358974395e-02,2.765567765567765735e-01
8.974358974358974395e-02,2.838827838827838734e-01
9.035409035409035228e-02,2.838827838827838734e-01
9.035409035409035228e-02,2.857142857142856984e-01
9.218559218559219115e-02,2.857142857142856984e-01
9.218559218559219115e-02,2.893772893772894039e-01
9.340659340659340781e-02,2.893772893772894039e-01
9.340659340659340781e-02,2.912087912087912289e-01
9.401709401709401615e-02,2.912087912087912289e-01
9.401709401709401615e-02,2.948717948717948789e-01
9.645909645909646335e-02,2.948717948717948789e-01
9.645909645909646335e-02,2.967032967032967039e-01
1.001221001221001272e-01,2.967032967032967039e-01
1.001221001221001272e-01,3.003663003663003539e-01
1.013431013431013439e-01,3.003663003663003539e-01
1.025641025641025605e-01,3.003663003663003539e-01
1.037851037851037911e-01,3.003663003663003539e-01
1.037851037851037911e-01,3.021978021978021789e-01
1.043956043956043994e-01,3.021978021978021789e-01
1.043956043956043994e-01,3.131868131868131844e-01
1.050061050061050077e-01,3.131868131868131844e-01
1.050061050061050077e-01,3.150183150183150094e-01
1.098901098901098883e-01,3.150183150183150094e-01
1.098901098901098883e-01,3.205128205128205399e-01
1.117216117216117272e-01,3.205128205128205399e-01
1.117216117216117272e-01,3.241758241758241899e-01
1.123321123321123355e-01,3.241758241758241899e-01
1.123321123321123355e-01,3.260073260073260148e-01
1.129426129426129438e-01,3.260073260073260148e-01
1.129426129426129438e-01,3.278388278388278398e-01
1.135531135531135521e-01,3.278388278388278398e-01
1.135531135531135521e-01,3.296703296703296648e-01
1.153846153846153910e-01,3.296703296703296648e-01
1.153846153846153910e-01,3.315018315018314898e-01
1.159951159951159994e-01,3.315018315018314898e-01
1.159951159951159994e-01,3.369963369963370203e-01
1.196581196581196632e-01,3.369963369963370203e-01
1.196581196581196632e-01,3.388278388278388453e-01
1.221001221001220965e-01,3.388278388278388453e-01
1.221001221001220965e-01,3.406593406593406703e-01
1.239316239316239354e-01,3.406593406593406703e-01
1.239316239316239354e-01,3.443223443223443203e-01
1.245421245421245438e-01,3.443223443223443203e-01
1.245421245421245438e-01,3.479853479853479703e-01
1.269841269841269771e-01,3.479853479853479703e-01
1.269841269841269771e-01,3.498168498168497953e-01
1.275946275946275854e-01,3.498168498168497953e-01
1.275946275946275854e-01,3.534798534798535008e-01
1.282051282051281937e-01,3.534798534798535008e-01
1.282051282051281937e-01,3.553113553113553258e-01
1.294261294261294382e-01,3.553113553113553258e-01
1.294261294261294382e-01,3.571428571428571508e-01
1.306471306471306548e-01,3.571428571428571508e-01
1.306471306471306548e-01,3.608058608058608008e-01
1.312576312576312632e-01,3.608058608058608008e-01
1.312576312576312632e-01,3.626373626373626258e-01
1.318681318681318715e-01,3.626373626373626258e-01
1.318681318681318715e-01,3.644688644688644508e-01
1.324786324786324798e-01,3.644688644688644508e-01
1.324786324786324798e-01,3.663003663003662758e-01
1.336996336996336965e-01,3.663003663003662758e-01
1.336996336996336965e-01,3.681318681318681563e-01
1.355311355311355215e-01,3.681318681318681563e-01
1.355311355311355215e-01,3.699633699633699813e-01
1.373626373626373742e-01,3.699633699633699813e-01
1.373626373626373742e-01,3.736263736263736313e-01
1.410256410256410242e-01,3.736263736263736313e-01
1.410256410256410242e-01,3.772893772893772812e-01
1.416361416361416325e-01,3.772893772893772812e-01
1.416361416361416325e-01,3.791208791208791062e-01
1.422466422466422409e-01,3.791208791208791062e-01
1.422466422466422409e-01,3.846153846153846367e-01
1.459096459096459186e-01,3.846153846153846367e-01
1.459096459096459186e-01,3.864468864468864617e-01
1.465201465201465270e-01,3.864468864468864617e-01
1.465201465201465270e-01,3.882783882783882867e-01
1.477411477411477436e-01,3.882783882783882867e-01
1.477411477411477436e-01,3.974358974358974117e-01
1.514041514041513936e-01,3.974358974358974117e-01
1.514041514041513936e-01,4.029304029304029422e-01
1.538461538461538547e-01,4.029304029304029422e-01
1.538461538461538547e-01,4.047619047619047672e-01
1.550671550671550714e-01,4.047619047619047672e-01
1.550671550671550714e-01,4.065934065934065922e-01
1.556776556776556797e-01,4.065934065934065922e-01
1.556776556776556797e-01,4.175824175824175977e-01
1.575091575091575047e-01,4.175824175824175977e-01
1.575091575091575047e-01,4.194139194139194227e-01
1.605616605616605741e-01,4.194139194139194227e-01
1.605616605616605741e-01,4.230769230769230727e-01
1.611721611721611824e-01,4.230769230769230727e-01
1.611721611721611824e-01,4.249084249084248976e-01
1.617826617826617908e-01,4.249084249084248976e-01
1.617826617826617908e-01,4.267399267399267226e-01
1.672771672771672657e-01,4.267399267399267226e-01
1.672771672771672657e-01,4.285714285714285476e-01
1.684981684981685102e-01,4.285714285714285476e-01
1.684981684981685102e-01,4.322344322344322531e-01
1.691086691086691185e-01,4.322344322344322531e-01
1.691086691086691185e-01,4.340659340659340781e-01
1.807081807081807046e-01,4.340659340659340781e-01
1.807081807081807046e-01,4.358974358974359031e-01
1.819291819291819212e-01,4.358974358974359031e-01
1.819291819291819212e-01,4.413919413919413781e-01
1.825396825396825295e-01,4.413919413919413781e-01
1.825396825396825295e-01,4.432234432234432031e-01
1.868131868131868156e-01,4.432234432234432031e-01
1.868131868131868156e-01,4.487179487179487336e-01
1.886446886446886406e-01,4.487179487179487336e-01
1.886446886446886406e-01,4.505494505494505586e-01
1.929181929181929267e-01,4.505494505494505586e-01
1.929181929181929267e-01,4.523809523809523836e-01
1.935286935286935350e-01,4.523809523809523836e-01
1.935286935286935350e-01,4.542124542124542086e-01
1.947496947496947517e-01,4.542124542124542086e-01
1.947496947496947517e-01,4.560439560439560336e-01
1.953601953601953600e-01,4.560439560439560336e-01
1.953601953601953600e-01,4.578754578754578586e-01
2.026862026862026878e-01,4.578754578754578586e-01
2.026862026862026878e-01,4.597069597069596836e-01
2.051282051282051211e-01,4.597069597069596836e-01
2.051282051282051211e-01,4.615384615384615641e-01
2.069597069597069461e-01,4.615384615384615641e-01
2.069597069597069461e-01,4.633699633699633891e-01
2.081807081807081905e-01,4.633699633699633891e-01
2.081807081807081905e-01,4.652014652014652141e-01
2.118437118437118405e-01,4.652014652014652141e-01
2.118437118437118405e-01,4.670329670329670391e-01
2.136752136752136655e-01,4.670329670329670391e-01
2.136752136752136655e-01,4.706959706959706891e-01
2.148962148962149099e-01,4.706959706959706891e-01
2.148962148962149099e-01,4.725274725274725141e-01
2.228327228327228460e-01,4.725274725274725141e-01
2.228327228327228460e-01,4.761904761904761640e-01
2.252747252747252793e-01,4.761904761904761640e-01
2.264957264957264960e-01,4.761904761904761640e-01
2.283272283272283210e-01,4.761904761904761640e-01
2.283272283272283210e-01,4.780219780219780445e-01
2.319902319902319987e-01,4.780219780219780445e-01
2.319902319902319987e-01,4.798534798534798695e-01
2.332112332112332154e-01,4.798534798534798695e-01
2.332112332112332154e-01,4.835164835164835195e-01
2.405372405372405431e-01,4.835164835164835195e-01
2.405372405372405431e-01,4.853479853479853445e-01
2.448107448107448014e-01,4.853479853479853445e-01
2.448107448107448014e-01,4.871794871794871695e-01
2.454212454212454098e-01,4.871794871794871695e-01
2.454212454212454098e-01,4.890109890109889945e-01
2.460317460317460181e-01,4.890109890109889945e-01
2.460317460317460181e-01,4.908424908424908195e-01
2.466422466422466542e-01,4.908424908424908195e-01
2.466422466422466542e-01,4.926739926739927000e-01
2.472527472527472625e-01,4.926739926739927000e-01
2.472527472527472625e-01,4.945054945054945250e-01
2.509157509157509125e-01,4.945054945054945250e-01
2.509157509157509125e-01,4.963369963369963500e-01
2.515262515262515208e-01,4.963369963369963500e-01
2.515262515262515208e-01,5.036630036630036500e-01
2.521367521367521292e-01,5.036630036630036500e-01
2.521367521367521292e-01,5.054945054945054750e-01
2.533577533577533458e-01,5.054945054945054750e-01
2.533577533577533458e-01,5.073260073260073000e-01
2.539682539682539542e-01,5.073260073260073000e-01
2.539682539682539542e-01,5.091575091575091250e-01
2.557997557997557792e-01,5.091575091575091250e-01
2.557997557997557792e-01,5.109890109890109500e-01
2.576312576312576041e-01,5.109890109890109500e-01
2.576312576312576041e-01,5.128205128205127750e-01
2.582417582417582680e-01,5.128205128205127750e-01
2.582417582417582680e-01,5.183150183150183610e-01
2.667887667887667846e-01,5.183150183150183610e-01
2.667887667887667846e-01,5.201465201465201860e-01
2.673992673992673930e-01,5.201465201465201860e-01
2.673992673992673930e-01,5.219780219780220110e-01
2.686202686202686096e-01,5.219780219780220110e-01
2.686202686202686096e-01,5.238095238095238360e-01
2.716727716727716513e-01,5.238095238095238360e-01
2.716727716727716513e-01,5.274725274725274859e-01
2.735042735042735318e-01,5.274725274725274859e-01
2.735042735042735318e-01,5.293040293040293109e-01
2.753357753357753568e-01,5.293040293040293109e-01
2.753357753357753568e-01,5.329670329670329609e-01
2.765567765567765735e-01,5.329670329670329609e-01
2.765567765567765735e-01,5.366300366300366109e-01
2.771672771672771818e-01,5.366300366300366109e-01
2.771672771672771818e-01,5.384615384615384359e-01
2.808302808302808318e-01,5.384615384615384359e-01
2.808302808302808318e-01,5.439560439560439109e-01
2.820512820512820484e-01,5.439560439560439109e-01
2.820512820512820484e-01,5.457875457875457359e-01
2.851037851037850901e-01,5.457875457875457359e-01
2.851037851037850901e-01,5.476190476190476719e-01
2.857142857142856984e-01,5.476190476190476719e-01
2.857142857142856984e-01,5.494505494505494969e-01
2.936507936507936622e-01,5.494505494505494969e-01
2.936507936507936622e-01,5.531135531135531469e-01
2.967032967032967039e-01,5.531135531135531469e-01
2.967032967032967039e-01,5.567765567765567969e-01
2.997557997557997456e-01,5.567765567765567969e-01
2.997557997557997456e-01,5.586080586080586219e-01
3.003663003663003539e-01,5.586080586080586219e-01
3.003663003663003539e-01,5.622710622710622719e-01
3.009768009768009622e-01,5.622710622710622719e-01
3.009768009768009622e-01,5.641025641025640969e-01
3.028083028083027872e-01,5.641025641025640969e-01
3.028083028083027872e-01,5.659340659340659219e-01
3.034188034188033956e-01,5.659340659340659219e-01
3.034188034188033956e-01,5.695970695970695719e-01
3.052503052503052761e-01,5.695970695970695719e-01
3.052503052503052761e-01,5.769230769230768718e-01
3.125763125763125760e-01,5.769230769230768718e-01
3.125763125763125760e-01,5.787545787545788079e-01
3.144078144078144010e-01,5.787545787545788079e-01
3.144078144078144010e-01,5.805860805860806328e-01
3.162393162393162260e-01,5.805860805860806328e-01
3.162393162393162260e-01,5.824175824175824578e-01
3.168498168498168344e-01,5.824175824175824578e-01
3.168498168498168344e-01,5.842490842490842828e-01
3.174603174603174427e-01,5.842490842490842828e-01
3.174603174603174427e-01,5.860805860805861078e-01
3.180708180708180510e-01,5.860805860805861078e-01
3.180708180708180510e-01,5.879120879120879328e-01
3.186813186813186594e-01,5.879120879120879328e-01
3.186813186813186594e-01,5.897435897435897578e-01
3.192918192918192677e-01,5.897435897435897578e-01
3.192918192918192677e-01,5.915750915750915828e-01
3.199023199023198760e-01,5.915750915750915828e-01
3.199023199023198760e-01,5.952380952380952328e-01
3.211233211233211482e-01,5.952380952380952328e-01
3.211233211233211482e-01,5.970695970695970578e-01
3.217338217338217565e-01,5.970695970695970578e-01
3.217338217338217565e-01,5.989010989010988828e-01
3.223443223443223649e-01,5.989010989010988828e-01
3.223443223443223649e-01,6.007326007326007078e-01
3.229548229548229732e-01,6.007326007326007078e-01
3.229548229548229732e-01,6.025641025641025328e-01
3.266178266178266232e-01,6.025641025641025328e-01
3.266178266178266232e-01,6.043956043956043578e-01
3.278388278388278398e-01,6.043956043956043578e-01
3.278388278388278398e-01,6.062271062271061828e-01
3.284493284493284482e-01,6.062271062271061828e-01
3.284493284493284482e-01,6.080586080586080078e-01
3.315018315018314898e-01,6.080586080586080078e-01
3.315018315018314898e-01,6.135531135531135938e-01
3.321123321123320982e-01,6.135531135531135938e-01
3.321123321123320982e-01,6.153846153846154188e-01
3.333333333333333148e-01,6.153846153846154188e-01
3.333333333333333148e-01,6.172161172161172438e-01
3.351648351648351398e-01,6.172161172161172438e-01
3.351648351648351398e-01,6.227106227106227188e-01
3.357753357753357482e-01,6.227106227106227188e-01
3.357753357753357482e-01,6.245421245421245438e-01
3.382173382173382370e-01,6.245421245421245438e-01
3.382173382173382370e-01,6.318681318681318437e-01
3.406593406593406703e-01,6.318681318681318437e-01
3.406593406593406703e-01,6.336996336996336687e-01
3.418803418803418870e-01,6.336996336996336687e-01
3.418803418803418870e-01,6.355311355311354937e-01
3.437118437118437120e-01,6.355311355311354937e-01
3.437118437118437120e-01,6.373626373626373187e-01
3.467643467643467536e-01,6.373626373626373187e-01
3.479853479853479703e-01,6.373626373626373187e-01
3.504273504273504036e-01,6.373626373626373187e-01
3.504273504273504036e-01,6.428571428571429047e-01
3.510378510378510120e-01,6.428571428571429047e-01
3.510378510378510120e-01,6.446886446886447297e-01
3.522588522588522841e-01,6.446886446886447297e-01
3.522588522588522841e-01,6.465201465201465547e-01
3.528693528693528925e-01,6.465201465201465547e-01
3.528693528693528925e-01,6.483516483516483797e-01
3.534798534798535008e-01,6.483516483516483797e-01
3.534798534798535008e-01,6.501831501831502047e-01
3.553113553113553258e-01,6.501831501831502047e-01
3.553113553113553258e-01,6.520146520146520297e-01
3.608058608058608008e-01,6.520146520146520297e-01
3.608058608058608008e-01,6.538461538461538547e-01
3.614163614163614091e-01,6.538461538461538547e-01
3.614163614163614091e-01,6.556776556776556797e-01
3.620268620268620174e-01,6.556776556776556797e-01
3.620268620268620174e-01,6.575091575091575047e-01
3.632478632478632341e-01,6.575091575091575047e-01
3.632478632478632341e-01,6.593406593406593297e-01
3.663003663003662758e-01,6.593406593406593297e-01
3.663003663003662758e-01,6.611721611721611547e-01
3.681318681318681563e-01,6.611721611721611547e-01
3.681318681318681563e-01,6.630036630036629797e-01
3.711843711843711979e-01,6.630036630036629797e-01
3.711843711843711979e-01,6.648351648351648047e-01
3.717948717948718063e-01,6.648351648351648047e-01
3.717948717948718063e-01,6.666666666666666297e-01
3.736263736263736313e-01,6.666666666666666297e-01
3.736263736263736313e-01,6.684981684981684547e-01
3.742368742368742396e-01,6.684981684981684547e-01
3.742368742368742396e-01,6.721611721611722157e-01
3.760683760683760646e-01,6.721611721611722157e-01
3.760683760683760646e-01,6.739926739926740407e-01
3.852258852258852451e-01,6.739926739926740407e-01
3.852258852258852451e-01,6.776556776556776907e-01
3.888888888888888951e-01,6.776556776556776907e-01
3.888888888888888951e-01,6.794871794871795156e-01
3.894993894993895034e-01,6.794871794871795156e-01
3.894993894993895034e-01,6.813186813186813406e-01
3.901098901098901117e-01,6.813186813186813406e-01
3.901098901098901117e-01,6.831501831501831656e-01
3.931623931623931534e-01,6.831501831501831656e-01
3.931623931623931534e-01,6.886446886446886406e-01
3.968253968253968034e-01,6.886446886446886406e-01
3.968253968253968034e-01,6.904761904761904656e-01
3.986568986568986839e-01,6.904761904761904656e-01
3.986568986568986839e-01,6.923076923076922906e-01
3.998778998778999005e-01,6.923076923076922906e-01
3.998778998778999005e-01,6.978021978021977656e-01
4.041514041514041589e-01,6.978021978021977656e-01
4.041514041514041589e-01,6.996336996336995906e-01
4.047619047619047672e-01,6.996336996336995906e-01
4.059829059829059839e-01,6.996336996336995906e-01
4.096459096459096338e-01,6.996336996336995906e-01
4.096459096459096338e-01,7.014652014652014156e-01
4.126984126984126755e-01,7.014652014652014156e-01
4.126984126984126755e-01,7.032967032967033516e-01
4.133089133089132838e-01,7.032967032967033516e-01
4.133089133089132838e-01,7.051282051282051766e-01
4.163614163614163810e-01,7.051282051282051766e-01
4.163614163614163810e-01,7.069597069597070016e-01
4.218559218559218560e-01,7.069597069597070016e-01
4.218559218559218560e-01,7.087912087912088266e-01
4.236874236874236810e-01,7.087912087912088266e-01
4.236874236874236810e-01,7.106227106227106516e-01
4.285714285714285476e-01,7.106227106227106516e-01
4.285714285714285476e-01,7.124542124542124766e-01
4.358974358974359031e-01,7.124542124542124766e-01
4.358974358974359031e-01,7.142857142857143016e-01
4.365079365079365115e-01,7.142857142857143016e-01
4.365079365079365115e-01,7.161172161172161266e-01
4.499389499389499503e-01,7.161172161172161266e-01
4.499389499389499503e-01,7.179487179487179516e-01
4.584859584859584669e-01,7.179487179487179516e-01
4.584859584859584669e-01,7.197802197802197766e-01
4.633699633699633891e-01,7.197802197802197766e-01
4.633699633699633891e-01,7.216117216117216016e-01
4.645909645909646057e-01,7.216117216117216016e-01
4.645909645909646057e-01,7.234432234432234265e-01
4.652014652014652141e-01,7.234432234432234265e-01
4.652014652014652141e-01,7.252747252747252515e-01
4.682539682539682557e-01,7.252747252747252515e-01
4.682539682539682557e-01,7.271062271062270765e-01
4.713064713064712974e-01,7.271062271062270765e-01
4.713064713064712974e-01,7.289377289377289015e-01
4.743589743589743390e-01,7.289377289377289015e-01
4.743589743589743390e-01,7.307692307692307265e-01
4.768009768009768279e-01,7.307692307692307265e-01
4.768009768009768279e-01,7.326007326007325515e-01
4.774114774114774362e-01,7.326007326007325515e-01
4.774114774114774362e-01,7.344322344322344875e-01
4.804639804639804779e-01,7.344322344322344875e-01
4.804639804639804779e-01,7.362637362637363125e-01
4.871794871794871695e-01,7.362637362637363125e-01
4.871794871794871695e-01,7.380952380952381375e-01
4.884004884004883862e-01,7.380952380952381375e-01
4.884004884004883862e-01,7.417582417582417875e-01
4.896214896214896029e-01,7.417582417582417875e-01
4.896214896214896029e-01,7.435897435897436125e-01
4.902319902319902112e-01,7.435897435897436125e-01
4.902319902319902112e-01,7.454212454212454375e-01
4.908424908424908195e-01,7.454212454212454375e-01
4.908424908424908195e-01,7.472527472527472625e-01
4.914529914529914278e-01,7.472527472527472625e-01
4.914529914529914278e-01,7.490842490842490875e-01
4.938949938949939167e-01,7.490842490842490875e-01
4.938949938949939167e-01,7.527472527472527375e-01
4.951159951159951333e-01,7.527472527472527375e-01
4.951159951159951333e-01,7.545787545787545625e-01
4.975579975579975667e-01,7.545787545787545625e-01
4.975579975579975667e-01,7.564102564102563875e-01
4.987789987789987833e-01,7.564102564102563875e-01
4.987789987789987833e-01,7.582417582417582125e-01
5.006105006105006083e-01,7.582417582417582125e-01
5.006105006105006083e-01,7.619047619047618625e-01
5.024420024420024333e-01,7.619047619047618625e-01
5.024420024420024333e-01,7.637362637362636875e-01
5.036630036630036500e-01,7.637362637362636875e-01
5.036630036630036500e-01,7.655677655677655125e-01
5.048840048840048667e-01,7.655677655677655125e-01
5.048840048840048667e-01,7.673992673992674485e-01
5.054945054945054750e-01,7.673992673992674485e-01
5.054945054945054750e-01,7.692307692307692735e-01
5.146520146520146000e-01,7.692307692307692735e-01
5.146520146520146000e-01,7.728937728937729235e-01
5.152625152625152083e-01,7.728937728937729235e-01
5.152625152625152083e-01,7.747252747252747485e-01
5.183150183150183610e-01,7.747252747252747485e-01
5.183150183150183610e-01,7.765567765567765735e-01
5.195360195360195776e-01,7.765567765567765735e-01
5.195360195360195776e-01,7.783882783882783984e-01
5.293040293040293109e-01,7.783882783882783984e-01
5.293040293040293109e-01,7.802197802197802234e-01
5.305250305250305276e-01,7.802197802197802234e-01
5.305250305250305276e-01,7.820512820512820484e-01
5.311355311355311359e-01,7.820512820512820484e-01
5.311355311355311359e-01,7.838827838827838734e-01
5.317460317460317443e-01,7.838827838827838734e-01
5.317460317460317443e-01,7.857142857142856984e-01
5.335775335775335693e-01,7.857142857142856984e-01
5.335775335775335693e-01,7.875457875457875234e-01
5.354090354090353943e-01,7.875457875457875234e-01
5.354090354090353943e-01,7.893772893772893484e-01
5.366300366300366109e-01,7.893772893772893484e-01
5.366300366300366109e-01,7.912087912087911734e-01
5.372405372405372193e-01,7.912087912087911734e-01
5.372405372405372193e-01,7.930402930402929984e-01
5.378510378510378276e-01,7.930402930402929984e-01
5.378510378510378276e-01,7.948717948717948234e-01
5.421245421245420859e-01,7.948717948717948234e-01
5.421245421245420859e-01,7.985347985347985844e-01
5.457875457875457359e-01,7.985347985347985844e-01
5.457875457875457359e-01,8.040293040293040594e-01
5.470085470085470636e-01,8.040293040293040594e-01
5.470085470085470636e-01,8.058608058608058844e-01
5.549450549450549719e-01,8.058608058608058844e-01
5.549450549450549719e-01,8.076923076923077094e-01
5.604395604395604469e-01,8.076923076923077094e-01
5.604395604395604469e-01,8.113553113553113594e-01
5.647130647130647052e-01,8.113553113553113594e-01
5.647130647130647052e-01,8.150183150183150094e-01
5.677655677655677469e-01,8.150183150183150094e-01
5.689865689865689635e-01,8.150183150183150094e-01
5.726495726495726135e-01,8.150183150183150094e-01
5.726495726495726135e-01,8.168498168498168344e-01
5.811965811965812412e-01,8.168498168498168344e-01
5.811965811965812412e-01,8.186813186813186594e-01
5.830280830280830662e-01,8.186813186813186594e-01
5.830280830280830662e-01,8.205128205128204844e-01
5.836385836385836745e-01,8.205128205128204844e-01
5.836385836385836745e-01,8.223443223443223093e-01
5.927960927960927995e-01,8.223443223443223093e-01
5.927960927960927995e-01,8.241758241758241343e-01
5.946275946275946245e-01,8.241758241758241343e-01
5.946275946275946245e-01,8.260073260073259593e-01
6.037851037851037495e-01,8.260073260073259593e-01
6.037851037851037495e-01,8.296703296703297204e-01
6.105006105006105521e-01,8.296703296703297204e-01
6.105006105006105521e-01,8.315018315018315453e-01
6.141636141636142021e-01,8.315018315018315453e-01
6.141636141636142021e-01,8.333333333333333703e-01
6.147741147741148104e-01,8.333333333333333703e-01
6.147741147741148104e-01,8.351648351648351953e-01
6.178266178266178521e-01,8.351648351648351953e-01
6.178266178266178521e-01,8.369963369963370203e-01
6.336996336996336687e-01,8.369963369963370203e-01
6.336996336996336687e-01,8.388278388278388453e-01
6.410256410256410797e-01,8.388278388278388453e-01
6.410256410256410797e-01,8.406593406593406703e-01
6.446886446886447297e-01,8.406593406593406703e-01
6.446886446886447297e-01,8.424908424908424953e-01
6.459096459096459464e-01,8.424908424908424953e-01
6.459096459096459464e-01,8.443223443223443203e-01
6.501831501831502047e-01,8.443223443223443203e-01
6.501831501831502047e-01,8.461538461538461453e-01
6.568986568986568964e-01,8.461538461538461453e-01
6.568986568986568964e-01,8.479853479853479703e-01
6.593406593406593297e-01,8.479853479853479703e-01
6.593406593406593297e-01,8.498168498168497953e-01
6.605616605616605463e-01,8.498168498168497953e-01
6.605616605616605463e-01,8.553113553113552703e-01
6.623931623931623713e-01,8.553113553113552703e-01
6.623931623931623713e-01,8.571428571428570953e-01
6.642246642246641963e-01,8.571428571428570953e-01
6.642246642246641963e-01,8.589743589743589203e-01
6.654456654456654130e-01,8.589743589743589203e-01
6.654456654456654130e-01,8.608058608058608563e-01
6.709401709401708880e-01,8.608058608058608563e-01
6.709401709401708880e-01,8.626373626373626813e-01
6.715506715506714963e-01,8.626373626373626813e-01
6.715506715506714963e-01,8.644688644688645063e-01
6.770451770451770823e-01,8.644688644688645063e-01
6.770451770451770823e-01,8.681318681318681563e-01
6.800976800976801240e-01,8.681318681318681563e-01
6.800976800976801240e-01,8.717948717948718063e-01
6.849816849816849906e-01,8.717948717948718063e-01
6.849816849816849906e-01,8.754578754578754562e-01
6.880341880341880323e-01,8.754578754578754562e-01
6.880341880341880323e-01,8.772893772893772812e-01
6.923076923076922906e-01,8.772893772893772812e-01
6.923076923076922906e-01,8.809523809523809312e-01
6.947496947496947239e-01,8.809523809523809312e-01
6.947496947496947239e-01,8.827838827838827562e-01
6.990231990231989823e-01,8.827838827838827562e-01
6.990231990231989823e-01,8.846153846153845812e-01
6.996336996336995906e-01,8.846153846153845812e-01
6.996336996336995906e-01,8.864468864468864062e-01
7.032967032967033516e-01,8.864468864468864062e-01
7.032967032967033516e-01,8.882783882783882312e-01
7.045177045177045683e-01,8.882783882783882312e-01
7.045177045177045683e-01,8.919413919413919922e-01
7.075702075702076099e-01,8.919413919413919922e-01
7.087912087912088266e-01,8.919413919413919922e-01
7.118437118437118682e-01,8.919413919413919922e-01
7.118437118437118682e-01,8.956043956043956422e-01
7.173382173382173432e-01,8.956043956043956422e-01
7.185592185592185599e-01,8.956043956043956422e-01
7.185592185592185599e-01,8.974358974358974672e-01
7.191697191697191682e-01,8.974358974358974672e-01
7.191697191697191682e-01,9.010989010989011172e-01
7.203907203907203849e-01,9.010989010989011172e-01
7.203907203907203849e-01,9.029304029304029422e-01
7.210012210012209932e-01,9.029304029304029422e-01
7.210012210012209932e-01,9.047619047619047672e-01
7.228327228327228182e-01,9.047619047619047672e-01
7.228327228327228182e-01,9.065934065934065922e-01
7.252747252747252515e-01,9.065934065934065922e-01
7.252747252747252515e-01,9.084249084249084172e-01
7.289377289377289015e-01,9.084249084249084172e-01
7.289377289377289015e-01,9.102564102564102422e-01
7.332112332112331599e-01,9.102564102564102422e-01
7.332112332112331599e-01,9.120879120879120672e-01
7.356532356532357042e-01,9.120879120879120672e-01
7.356532356532357042e-01,9.139194139194138922e-01
7.405372405372405709e-01,9.139194139194138922e-01
7.405372405372405709e-01,9.157509157509157172e-01
7.411477411477411792e-01,9.157509157509157172e-01
7.411477411477411792e-01,9.175824175824175422e-01
7.442002442002442208e-01,9.175824175824175422e-01
7.454212454212454375e-01,9.175824175824175422e-01
7.515262515262515208e-01,9.175824175824175422e-01
7.515262515262515208e-01,9.249084249084249532e-01
7.527472527472527375e-01,9.249084249084249532e-01
7.527472527472527375e-01,9.267399267399267782e-01
7.564102564102563875e-01,9.267399267399267782e-01
7.564102564102563875e-01,9.285714285714286031e-01
7.680097680097680568e-01,9.285714285714286031e-01
7.680097680097680568e-01,9.322344322344322531e-01
7.698412698412698818e-01,9.322344322344322531e-01
7.698412698412698818e-01,9.340659340659340781e-01
7.704517704517704901e-01,9.340659340659340781e-01
7.704517704517704901e-01,9.358974358974359031e-01
7.808302808302808318e-01,9.358974358974359031e-01
7.808302808302808318e-01,9.377289377289377281e-01
7.844932844932844818e-01,9.377289377289377281e-01
7.844932844932844818e-01,9.395604395604395531e-01
7.851037851037850901e-01,9.395604395604395531e-01
7.851037851037850901e-01,9.413919413919413781e-01
7.869352869352869151e-01,9.413919413919413781e-01
7.869352869352869151e-01,9.432234432234432031e-01
8.046398046398046677e-01,9.432234432234432031e-01
8.046398046398046677e-01,9.450549450549450281e-01
8.107448107448107510e-01,9.450549450549450281e-01
8.107448107448107510e-01,9.468864468864468531e-01
8.119658119658119677e-01,9.468864468864468531e-01
8.119658119658119677e-01,9.487179487179486781e-01
8.144078144078144010e-01,9.487179487179486781e-01
8.144078144078144010e-01,9.505494505494505031e-01
8.199023199023198760e-01,9.505494505494505031e-01
8.199023199023198760e-01,9.523809523809523281e-01
8.205128205128204844e-01,9.523809523809523281e-01
8.205128205128204844e-01,9.542124542124542641e-01
8.241758241758241343e-01,9.542124542124542641e-01
8.241758241758241343e-01,9.560439560439560891e-01
8.247863247863247427e-01,9.560439560439560891e-01
8.247863247863247427e-01,9.578754578754579141e-01
8.253968253968253510e-01,9.578754578754579141e-01
8.253968253968253510e-01,9.597069597069597391e-01
8.260073260073259593e-01,9.597069597069597391e-01
8.260073260073259593e-01,9.615384615384615641e-01
8.272283272283271760e-01,9.615384615384615641e-01
8.272283272283271760e-01,9.633699633699633891e-01
8.321123321123321537e-01,9.633699633699633891e-01
8.321123321123321537e-01,9.652014652014652141e-01
8.345543345543345870e-01,9.652014652014652141e-01
8.345543345543345870e-01,9.688644688644688641e-01
8.461538461538461453e-01,9.688644688644688641e-01
8.461538461538461453e-01,9.706959706959706891e-01
8.467643467643467536e-01,9.706959706959706891e-01
8.467643467643467536e-01,9.725274725274725141e-01
8.473748473748473620e-01,9.725274725274725141e-01
8.473748473748473620e-01,9.743589743589743390e-01
8.540903540903540536e-01,9.743589743589743390e-01
8.540903540903540536e-01,9.761904761904761640e-01
8.583638583638583119e-01,9.761904761904761640e-01
8.583638583638583119e-01,9.780219780219779890e-01
8.638583638583638979e-01,9.780219780219779890e-01
8.638583638583638979e-01,9.798534798534798140e-01
8.650793650793651146e-01,9.798534798534798140e-01
8.650793650793651146e-01,9.816849816849816390e-01
8.681318681318681563e-01,9.816849816849816390e-01
8.681318681318681563e-01,9.835164835164834640e-01
8.699633699633699813e-01,9.835164835164834640e-01
8.699633699633699813e-01,9.853479853479854000e-01
8.742368742368742396e-01,9.853479853479854000e-01
8.742368742368742396e-01,9.871794871794872250e-01
8.901098901098900562e-01,9.871794871794872250e-01
8.901098901098900562e-01,9.890109890109890500e-01
8.919413919413919922e-01,9.890109890109890500e-01
8.919413919413919922e-01,9.908424908424908750e-01
8.925518925518926006e-01,9.908424908424908750e-01
8.925518925518926006e-01,9.926739926739927000e-01
8.937728937728938172e-01,9.926739926739927000e-01
8.937728937728938172e-01,9.945054945054945250e-01
9.163614163614163255e-01,9.945054945054945250e-01
9.163614163614163255e-01,9.963369963369963500e-01
9.297924297924298198e-01,9.963369963369963500e-01
9.297924297924298198e-01,9.981684981684981750e-01
9.371184371184371198e-01,9.981684981684981750e-01
9.371184371184371198e-01,1.000000000000000000e+00
9.523809523809523281e-01,1.000000000000000000e+00
9.536019536019536558e-01,1.000000000000000000e+00
1.000000000000000000e+00,1.000000000000000000e+00
