FPR,TPR
0.000000000000000000e+00,0.000000000000000000e+00
0.000000000000000000e+00,3.521126760563380361e-03
0.000000000000000000e+00,7.042253521126760722e-03
6.540222367560497496e-04,7.042253521126760722e-03
6.540222367560497496e-04,1.408450704225352144e-02
1.308044473512099499e-03,1.408450704225352144e-02
1.308044473512099499e-03,1.760563380281690224e-02
3.270111183780248423e-03,1.760563380281690224e-02
3.270111183780248423e-03,2.112676056338028130e-02
4.578155657292347705e-03,2.112676056338028130e-02
4.578155657292347705e-03,2.464788732394366036e-02
8.502289077828645986e-03,2.464788732394366036e-02
8.502289077828645986e-03,2.816901408450704289e-02
1.111837802485284542e-02,2.816901408450704289e-02
1.111837802485284542e-02,3.521126760563380448e-02
1.308044473512099369e-02,3.521126760563380448e-02
1.308044473512099369e-02,3.873239436619718007e-02
1.373446697187704311e-02,3.873239436619718007e-02
1.373446697187704311e-02,4.929577464788732072e-02
1.896664486592544024e-02,4.929577464788732072e-02
1.896664486592544024e-02,6.338028169014084390e-02
1.962066710268148967e-02,6.338028169014084390e-02
1.962066710268148967e-02,7.042253521126760896e-02
2.027468933943754256e-02,7.042253521126760896e-02
2.027468933943754256e-02,7.746478873239436014e-02
2.092871157619359199e-02,7.746478873239436014e-02
2.092871157619359199e-02,8.098591549295774961e-02
2.158273381294964141e-02,8.098591549295774961e-02
2.158273381294964141e-02,8.450704225352112520e-02
2.485284499672988853e-02,8.450704225352112520e-02
2.485284499672988853e-02,8.802816901408450079e-02
2.550686723348593796e-02,8.802816901408450079e-02
2.550686723348593796e-02,9.154929577464789026e-02
2.616088947024198738e-02,9.154929577464789026e-02
2.616088947024198738e-02,9.507042253521126585e-02
2.681491170699803681e-02,9.507042253521126585e-02
2.681491170699803681e-02,1.021126760563380309e-01
2.812295618051013565e-02,1.021126760563380309e-01
2.812295618051013565e-02,1.056338028169014065e-01
3.073904512753433682e-02,1.056338028169014065e-01
3.073904512753433682e-02,1.091549295774647821e-01
3.270111183780248509e-02,1.091549295774647821e-01
3.270111183780248509e-02,1.161971830985915471e-01
3.400915631131458394e-02,1.161971830985915471e-01
3.400915631131458394e-02,1.197183098591549227e-01
3.662524525833878164e-02,1.197183098591549227e-01
3.662524525833878164e-02,1.232394366197183122e-01
3.858731196860692991e-02,1.232394366197183122e-01
3.858731196860692991e-02,1.267605633802816878e-01
3.989535644211902876e-02,1.267605633802816878e-01
4.120340091563113455e-02,1.267605633802816878e-01
4.120340091563113455e-02,1.302816901408450634e-01
4.708960104643557937e-02,1.302816901408450634e-01
4.708960104643557937e-02,1.338028169014084390e-01
4.905166775670372764e-02,1.338028169014084390e-01
4.905166775670372764e-02,1.373239436619718423e-01
5.624591236102027131e-02,1.373239436619718423e-01
5.624591236102027131e-02,1.408450704225352179e-01
6.474820143884892076e-02,1.408450704225352179e-01
6.474820143884892076e-02,1.443661971830985935e-01
6.736429038587311846e-02,1.443661971830985935e-01
6.736429038587311846e-02,1.478873239436619691e-01
7.063440156965336558e-02,1.478873239436619691e-01
7.063440156965336558e-02,1.514084507042253447e-01
7.128842380640941501e-02,1.514084507042253447e-01
7.128842380640941501e-02,1.549295774647887203e-01
7.194244604316546443e-02,1.549295774647887203e-01
7.194244604316546443e-02,1.584507042253521236e-01
7.455853499018966213e-02,1.584507042253521236e-01
7.455853499018966213e-02,1.619718309859154992e-01
8.567691301504251622e-02,1.619718309859154992e-01
8.567691301504251622e-02,1.654929577464788748e-01
8.829300196206671392e-02,1.654929577464788748e-01
8.829300196206671392e-02,1.690140845070422504e-01
9.156311314584696104e-02,1.690140845070422504e-01
9.156311314584696104e-02,1.760563380281690016e-01
9.287115761935905989e-02,1.760563380281690016e-01
9.287115761935905989e-02,1.795774647887324049e-01
9.352517985611510931e-02,1.795774647887324049e-01
9.352517985611510931e-02,1.866197183098591561e-01
9.875735775016350471e-02,1.866197183098591561e-01
9.875735775016350471e-02,1.901408450704225317e-01
1.033355134074558507e-01,1.901408450704225317e-01
1.033355134074558507e-01,1.936619718309859073e-01
1.052975801177239989e-01,1.936619718309859073e-01
1.052975801177239989e-01,1.971830985915492829e-01
1.059516023544800484e-01,1.971830985915492829e-01
1.059516023544800484e-01,2.007042253521126862e-01
1.066056245912360978e-01,2.007042253521126862e-01
1.066056245912360978e-01,2.147887323943661886e-01
1.124918247220405426e-01,2.147887323943661886e-01
1.124918247220405426e-01,2.183098591549295642e-01
1.151079136690647542e-01,2.183098591549295642e-01
1.151079136690647542e-01,2.218309859154929675e-01
1.164159581425768530e-01,2.218309859154929675e-01
1.164159581425768530e-01,2.288732394366197187e-01
1.170699803793329025e-01,2.288732394366197187e-01
1.170699803793329025e-01,2.323943661971830943e-01
1.209941137998691990e-01,2.323943661971830943e-01
1.209941137998691990e-01,2.359154929577464699e-01
1.249182472204054956e-01,2.359154929577464699e-01
1.249182472204054956e-01,2.394366197183098455e-01
1.288423806409417782e-01,2.394366197183098455e-01
1.288423806409417782e-01,2.464788732394366244e-01
1.294964028776978415e-01,2.464788732394366244e-01
1.294964028776978415e-01,2.500000000000000000e-01
1.308044473512099404e-01,2.500000000000000000e-01
1.308044473512099404e-01,2.570422535211267512e-01
1.334205362982341381e-01,2.570422535211267512e-01
1.334205362982341381e-01,2.605633802816901268e-01
1.347285807717462369e-01,2.605633802816901268e-01
1.347285807717462369e-01,2.640845070422535024e-01
1.373446697187704346e-01,2.640845070422535024e-01
1.373446697187704346e-01,2.676056338028168780e-01
1.386527141922825335e-01,2.676056338028168780e-01
1.386527141922825335e-01,2.746478873239436846e-01
1.399607586657946323e-01,2.746478873239436846e-01
1.399607586657946323e-01,2.781690140845070602e-01
1.412688031393067312e-01,2.781690140845070602e-01
1.412688031393067312e-01,2.816901408450704358e-01
1.425768476128188300e-01,2.816901408450704358e-01
1.425768476128188300e-01,2.852112676056338114e-01
1.432308698495748933e-01,2.852112676056338114e-01
1.432308698495748933e-01,2.887323943661971870e-01
1.471550032701111899e-01,2.887323943661971870e-01
1.471550032701111899e-01,2.922535211267605626e-01
1.510791366906474864e-01,2.922535211267605626e-01
1.510791366906474864e-01,2.957746478873239382e-01
1.523871811641595853e-01,2.957746478873239382e-01
1.523871811641595853e-01,3.063380281690140650e-01
1.536952256376716841e-01,3.063380281690140650e-01
1.536952256376716841e-01,3.133802816901408717e-01
1.569653368214519173e-01,3.133802816901408717e-01
1.569653368214519173e-01,3.169014084507042472e-01
1.648136036625245382e-01,3.169014084507042472e-01
1.648136036625245382e-01,3.204225352112676228e-01
1.680837148463047714e-01,3.204225352112676228e-01
1.680837148463047714e-01,3.274647887323943740e-01
1.693917593198168703e-01,3.274647887323943740e-01
1.706998037933289691e-01,3.274647887323943740e-01
1.713538260300850324e-01,3.274647887323943740e-01
1.713538260300850324e-01,3.309859154929577496e-01
1.720078482668410680e-01,3.309859154929577496e-01
1.720078482668410680e-01,3.345070422535211252e-01
1.726618705035971313e-01,3.345070422535211252e-01
1.726618705035971313e-01,3.556338028169014343e-01
1.746239372138652657e-01,3.556338028169014343e-01
1.746239372138652657e-01,3.591549295774648098e-01
1.759319816873773645e-01,3.591549295774648098e-01
1.759319816873773645e-01,3.626760563380281854e-01
1.792020928711576255e-01,3.626760563380281854e-01
1.792020928711576255e-01,3.661971830985915610e-01
1.877043819489862542e-01,3.661971830985915610e-01
1.877043819489862542e-01,3.697183098591549366e-01
1.883584041857423175e-01,3.697183098591549366e-01
1.883584041857423175e-01,3.732394366197183122e-01
1.909744931327665152e-01,3.732394366197183122e-01
1.909744931327665152e-01,3.767605633802816878e-01
1.916285153695225507e-01,3.767605633802816878e-01
1.916285153695225507e-01,3.802816901408450634e-01
1.935905820797907129e-01,3.802816901408450634e-01
1.935905820797907129e-01,3.838028169014084390e-01
1.962066710268149106e-01,3.838028169014084390e-01
1.962066710268149106e-01,3.873239436619718146e-01
1.975147155003270094e-01,3.873239436619718146e-01
2.034009156311314681e-01,3.873239436619718146e-01
2.034009156311314681e-01,3.978873239436619969e-01
2.047089601046435670e-01,3.978873239436619969e-01
2.047089601046435670e-01,4.014084507042253724e-01
2.053629823413996025e-01,4.014084507042253724e-01
2.053629823413996025e-01,4.084507042253521236e-01
2.073250490516677647e-01,4.084507042253521236e-01
2.073250490516677647e-01,4.190140845070422504e-01
2.092871157619358990e-01,4.190140845070422504e-01
2.092871157619358990e-01,4.225352112676056260e-01
2.099411379986919624e-01,4.225352112676056260e-01
2.099411379986919624e-01,4.260563380281690016e-01
2.145192936559842944e-01,4.260563380281690016e-01
2.145192936559842944e-01,4.295774647887323772e-01
2.151733158927403577e-01,4.295774647887323772e-01
2.151733158927403577e-01,4.330985915492957528e-01
2.158273381294963933e-01,4.330985915492957528e-01
2.158273381294963933e-01,4.366197183098591283e-01
2.197514715500326898e-01,4.366197183098591283e-01
2.197514715500326898e-01,4.401408450704225594e-01
2.210595160235447887e-01,4.401408450704225594e-01
2.210595160235447887e-01,4.436619718309859350e-01
2.217135382603008520e-01,4.436619718309859350e-01
2.243296272073250497e-01,4.436619718309859350e-01
2.256376716808371485e-01,4.436619718309859350e-01
2.256376716808371485e-01,4.471830985915493106e-01
2.262916939175932118e-01,4.471830985915493106e-01
2.262916939175932118e-01,4.507042253521126862e-01
2.289077828646174095e-01,4.507042253521126862e-01
2.289077828646174095e-01,4.577464788732394374e-01
2.308698495748855439e-01,4.577464788732394374e-01
2.308698495748855439e-01,4.612676056338028130e-01
2.361020274689339393e-01,4.612676056338028130e-01
2.361020274689339393e-01,4.647887323943661886e-01
2.367560497056900026e-01,4.647887323943661886e-01
2.367560497056900026e-01,4.683098591549295642e-01
2.393721386527142003e-01,4.683098591549295642e-01
2.393721386527142003e-01,4.718309859154929398e-01
2.400261608894702359e-01,4.718309859154929398e-01
2.400261608894702359e-01,4.753521126760563154e-01
2.452583387835186313e-01,4.753521126760563154e-01
2.452583387835186313e-01,4.788732394366196909e-01
2.517985611510791255e-01,4.788732394366196909e-01
2.517985611510791255e-01,4.823943661971831220e-01
2.563767168083714854e-01,4.823943661971831220e-01
2.563767168083714854e-01,4.859154929577464976e-01
2.570307390451275209e-01,4.859154929577464976e-01
2.570307390451275209e-01,4.894366197183098732e-01
2.589928057553956831e-01,4.894366197183098732e-01
2.589928057553956831e-01,4.964788732394366244e-01
2.596468279921517186e-01,4.964788732394366244e-01
2.609548724656638452e-01,4.964788732394366244e-01
2.635709614126880429e-01,4.964788732394366244e-01
2.635709614126880429e-01,5.000000000000000000e-01
2.668410725964682761e-01,5.000000000000000000e-01
2.668410725964682761e-01,5.035211267605633756e-01
2.707652060170046004e-01,5.035211267605633756e-01
2.707652060170046004e-01,5.070422535211267512e-01
2.733812949640287981e-01,5.070422535211267512e-01
2.733812949640287981e-01,5.105633802816901268e-01
2.740353172007848337e-01,5.105633802816901268e-01
2.740353172007848337e-01,5.140845070422535024e-01
2.773054283845650669e-01,5.140845070422535024e-01
2.773054283845650669e-01,5.176056338028168780e-01
2.805755395683453002e-01,5.176056338028168780e-01
2.805755395683453002e-01,5.211267605633802535e-01
2.890778286461739843e-01,5.211267605633802535e-01
2.890778286461739843e-01,5.246478873239436291e-01
2.910398953564421465e-01,5.246478873239436291e-01
2.910398953564421465e-01,5.281690140845070047e-01
2.923479398299542176e-01,5.281690140845070047e-01
2.923479398299542176e-01,5.316901408450703803e-01
2.930019620667102531e-01,5.316901408450703803e-01
2.930019620667102531e-01,5.387323943661971315e-01
2.956180510137344508e-01,5.387323943661971315e-01
2.956180510137344508e-01,5.422535211267606181e-01
2.975801177240026130e-01,5.422535211267606181e-01
2.975801177240026130e-01,5.457746478873239937e-01
3.067364290385873327e-01,5.457746478873239937e-01
3.067364290385873327e-01,5.492957746478873693e-01
3.073904512753433682e-01,5.492957746478873693e-01
3.073904512753433682e-01,5.528169014084507449e-01
3.126226291693917636e-01,5.528169014084507449e-01
3.126226291693917636e-01,5.563380281690141205e-01
3.178548070634401590e-01,5.563380281690141205e-01
3.178548070634401590e-01,5.598591549295774961e-01
3.191628515369522301e-01,5.598591549295774961e-01
3.224329627207325188e-01,5.598591549295774961e-01
3.224329627207325188e-01,5.633802816901408717e-01
3.237410071942445899e-01,5.633802816901408717e-01
3.237410071942445899e-01,5.669014084507042472e-01
3.263570961412687876e-01,5.669014084507042472e-01
3.263570961412687876e-01,5.739436619718309984e-01
3.328973185088293096e-01,5.739436619718309984e-01
3.328973185088293096e-01,5.774647887323943740e-01
3.348593852190974718e-01,5.774647887323943740e-01
3.348593852190974718e-01,5.809859154929577496e-01
3.361674296926095429e-01,5.809859154929577496e-01
3.413996075866579383e-01,5.809859154929577496e-01
3.413996075866579383e-01,5.880281690140845008e-01
3.427076520601700649e-01,5.880281690140845008e-01
3.427076520601700649e-01,5.915492957746478764e-01
3.505559189012426580e-01,5.915492957746478764e-01
3.505559189012426580e-01,5.950704225352112520e-01
3.512099411379986935e-01,5.950704225352112520e-01
3.512099411379986935e-01,6.021126760563380031e-01
3.518639633747547291e-01,6.021126760563380031e-01
3.518639633747547291e-01,6.056338028169013787e-01
3.544800523217789268e-01,6.056338028169013787e-01
3.544800523217789268e-01,6.091549295774647543e-01
3.682145192936560063e-01,6.091549295774647543e-01
3.682145192936560063e-01,6.161971830985915055e-01
3.747547416612164728e-01,6.161971830985915055e-01
3.747547416612164728e-01,6.197183098591548811e-01
3.760627861347285994e-01,6.197183098591548811e-01
3.760627861347285994e-01,6.232394366197182567e-01
3.786788750817527971e-01,6.232394366197182567e-01
3.786788750817527971e-01,6.267605633802817433e-01
3.865271419228253902e-01,6.267605633802817433e-01
3.865271419228253902e-01,6.338028169014084945e-01
3.937213865271419477e-01,6.338028169014084945e-01
3.937213865271419477e-01,6.373239436619718701e-01
3.943754087638979833e-01,6.373239436619718701e-01
3.943754087638979833e-01,6.408450704225352457e-01
4.054937867887508096e-01,6.408450704225352457e-01
4.054937867887508096e-01,6.478873239436619969e-01
4.094179202092871339e-01,6.478873239436619969e-01
4.094179202092871339e-01,6.549295774647887480e-01
4.126880313930673672e-01,6.549295774647887480e-01
4.126880313930673672e-01,6.584507042253521236e-01
4.146500981033355293e-01,6.584507042253521236e-01
4.146500981033355293e-01,6.619718309859154992e-01
4.198822759973839247e-01,6.619718309859154992e-01
4.198822759973839247e-01,6.654929577464788748e-01
4.205362982341399603e-01,6.654929577464788748e-01
4.205362982341399603e-01,6.690140845070422504e-01
4.238064094179201935e-01,6.690140845070422504e-01
4.238064094179201935e-01,6.725352112676056260e-01
4.251144538914323201e-01,6.725352112676056260e-01
4.251144538914323201e-01,6.760563380281690016e-01
4.296926095487246799e-01,6.760563380281690016e-01
4.296926095487246799e-01,6.795774647887323772e-01
4.316546762589927866e-01,6.795774647887323772e-01
4.316546762589927866e-01,6.830985915492957528e-01
4.381948986265533086e-01,6.830985915492957528e-01
4.395029431000653797e-01,6.830985915492957528e-01
4.506213211249182615e-01,6.830985915492957528e-01
4.506213211249182615e-01,6.866197183098591283e-01
4.623937213865271234e-01,6.866197183098591283e-01
4.623937213865271234e-01,6.901408450704225039e-01
4.663178548070634477e-01,6.901408450704225039e-01
4.663178548070634477e-01,6.936619718309858795e-01
4.735120994113800053e-01,6.936619718309858795e-01
4.735120994113800053e-01,6.971830985915492551e-01
4.800523217789404717e-01,6.971830985915492551e-01
4.813603662524525983e-01,6.971830985915492551e-01
4.964028776978417490e-01,6.971830985915492551e-01
4.964028776978417490e-01,7.007042253521126307e-01
5.003270111183780733e-01,7.007042253521126307e-01
5.003270111183780733e-01,7.077464788732393819e-01
5.009810333551341088e-01,7.077464788732393819e-01
5.009810333551341088e-01,7.147887323943662441e-01
5.062132112491825042e-01,7.147887323943662441e-01
5.062132112491825042e-01,7.183098591549296197e-01
5.068672334859385398e-01,7.183098591549296197e-01
5.068672334859385398e-01,7.253521126760563709e-01
5.088293001962066464e-01,7.253521126760563709e-01
5.088293001962066464e-01,7.288732394366197465e-01
5.147155003270110774e-01,7.288732394366197465e-01
5.147155003270110774e-01,7.323943661971831220e-01
5.173315892740353306e-01,7.323943661971831220e-01
5.186396337475474017e-01,7.323943661971831220e-01
5.297580117724002280e-01,7.323943661971831220e-01
5.297580117724002280e-01,7.359154929577464976e-01
5.304120340091562635e-01,7.359154929577464976e-01
5.304120340091562635e-01,7.394366197183098732e-01
5.310660562459124101e-01,7.394366197183098732e-01
5.310660562459124101e-01,7.429577464788732488e-01
5.376062786134728766e-01,7.429577464788732488e-01
5.376062786134728766e-01,7.464788732394366244e-01
5.382603008502289121e-01,7.464788732394366244e-01
5.382603008502289121e-01,7.500000000000000000e-01
5.421844342707652364e-01,7.500000000000000000e-01
5.421844342707652364e-01,7.535211267605633756e-01
5.461085676913014497e-01,7.535211267605633756e-01
5.474166121648136318e-01,7.535211267605633756e-01
5.487246566383257029e-01,7.535211267605633756e-01
5.487246566383257029e-01,7.570422535211267512e-01
5.500327011118377740e-01,7.570422535211267512e-01
5.500327011118377740e-01,7.605633802816901268e-01
5.513407455853499561e-01,7.605633802816901268e-01
5.526487900588620272e-01,7.605633802816901268e-01
5.526487900588620272e-01,7.676056338028168780e-01
5.546108567691301339e-01,7.676056338028168780e-01
5.546108567691301339e-01,7.711267605633802535e-01
5.559189012426422050e-01,7.711267605633802535e-01
5.559189012426422050e-01,7.746478873239436291e-01
5.572269457161543871e-01,7.746478873239436291e-01
5.572269457161543871e-01,7.781690140845070047e-01
5.591890124264224937e-01,7.781690140845070047e-01
5.604970568999345648e-01,7.781690140845070047e-01
5.735775016350556088e-01,7.781690140845070047e-01
5.735775016350556088e-01,7.852112676056337559e-01
5.742315238718116444e-01,7.852112676056337559e-01
5.742315238718116444e-01,7.887323943661971315e-01
5.912361020274689016e-01,7.887323943661971315e-01
5.912361020274689016e-01,7.922535211267606181e-01
5.925441465009810837e-01,7.922535211267606181e-01
5.938521909744931548e-01,7.922535211267606181e-01
5.945062132112491904e-01,7.922535211267606181e-01
5.945062132112491904e-01,7.957746478873239937e-01
5.977763243950294791e-01,7.957746478873239937e-01
5.977763243950294791e-01,7.992957746478873693e-01
6.003924133420536213e-01,7.992957746478873693e-01
6.003924133420536213e-01,8.028169014084507449e-01
6.023544800523217280e-01,8.028169014084507449e-01
6.023544800523217280e-01,8.063380281690141205e-01
6.049705689993459812e-01,8.063380281690141205e-01
6.049705689993459812e-01,8.098591549295774961e-01
6.069326357096140878e-01,8.098591549295774961e-01
6.069326357096140878e-01,8.133802816901408717e-01
6.082406801831262699e-01,8.133802816901408717e-01
6.082406801831262699e-01,8.169014084507042472e-01
6.095487246566383410e-01,8.169014084507042472e-01
6.095487246566383410e-01,8.204225352112676228e-01
6.134728580771746653e-01,8.204225352112676228e-01
6.134728580771746653e-01,8.239436619718309984e-01
6.160889470241988075e-01,8.239436619718309984e-01
6.160889470241988075e-01,8.274647887323943740e-01
6.173969914977108786e-01,8.274647887323943740e-01
6.173969914977108786e-01,8.309859154929577496e-01
6.180510137344670252e-01,8.309859154929577496e-01
6.180510137344670252e-01,8.345070422535211252e-01
6.193590582079790963e-01,8.345070422535211252e-01
6.193590582079790963e-01,8.380281690140845008e-01
6.285153695225638160e-01,8.380281690140845008e-01
6.298234139960758871e-01,8.380281690140845008e-01
6.357096141268803180e-01,8.380281690140845008e-01
6.357096141268803180e-01,8.415492957746478764e-01
6.402877697841726778e-01,8.415492957746478764e-01
6.402877697841726778e-01,8.450704225352112520e-01
6.500981033355134331e-01,8.450704225352112520e-01
6.500981033355134331e-01,8.485915492957746276e-01
6.520601700457815397e-01,8.485915492957746276e-01
6.520601700457815397e-01,8.521126760563380031e-01
6.527141922825375753e-01,8.521126760563380031e-01
6.527141922825375753e-01,8.591549295774647543e-01
6.546762589928057929e-01,8.591549295774647543e-01
6.546762589928057929e-01,8.626760563380281299e-01
6.599084368868541883e-01,8.626760563380281299e-01
6.599084368868541883e-01,8.661971830985915055e-01
6.612164813603662594e-01,8.661971830985915055e-01
6.612164813603662594e-01,8.697183098591548811e-01
6.742969260954871924e-01,8.697183098591548811e-01
6.742969260954871924e-01,8.732394366197182567e-01
6.775670372792674812e-01,8.732394366197182567e-01
6.775670372792674812e-01,8.767605633802817433e-01
6.788750817527795522e-01,8.767605633802817433e-01
6.788750817527795522e-01,8.802816901408451189e-01
6.893394375408763430e-01,8.802816901408451189e-01
6.893394375408763430e-01,8.873239436619718701e-01
6.913015042511445607e-01,8.873239436619718701e-01
6.913015042511445607e-01,8.943661971830986213e-01
6.971877043819489916e-01,8.943661971830986213e-01
6.971877043819489916e-01,9.014084507042253724e-01
7.187704381948986088e-01,9.014084507042253724e-01
7.187704381948986088e-01,9.049295774647887480e-01
7.272727272727272929e-01,9.049295774647887480e-01
7.272727272727272929e-01,9.084507042253521236e-01
7.396991497710921903e-01,9.084507042253521236e-01
7.396991497710921903e-01,9.190140845070422504e-01
7.442773054283845502e-01,9.190140845070422504e-01
7.442773054283845502e-01,9.225352112676056260e-01
7.619359058207979540e-01,9.225352112676056260e-01
7.619359058207979540e-01,9.260563380281690016e-01
7.704381948986265272e-01,9.260563380281690016e-01
7.704381948986265272e-01,9.295774647887323772e-01
7.743623283191628515e-01,9.295774647887323772e-01
7.743623283191628515e-01,9.330985915492957528e-01
7.802485284499672824e-01,9.330985915492957528e-01
7.802485284499672824e-01,9.401408450704225039e-01
7.985611510791367218e-01,9.401408450704225039e-01
7.985611510791367218e-01,9.436619718309858795e-01
8.024852844996729351e-01,9.436619718309858795e-01
8.024852844996729351e-01,9.471830985915492551e-01
8.044473512099411527e-01,9.471830985915492551e-01
8.044473512099411527e-01,9.507042253521126307e-01
8.162197514715500146e-01,9.507042253521126307e-01
8.162197514715500146e-01,9.542253521126760063e-01
8.221059516023544456e-01,9.542253521126760063e-01
8.221059516023544456e-01,9.577464788732393819e-01
8.325703073904512364e-01,9.577464788732393819e-01
8.325703073904512364e-01,9.612676056338028685e-01
8.345323741007194540e-01,9.612676056338028685e-01
8.371484630477435962e-01,9.612676056338028685e-01
8.404185742315238850e-01,9.612676056338028685e-01
8.404185742315238850e-01,9.647887323943662441e-01
8.626553302812295376e-01,9.647887323943662441e-01
8.626553302812295376e-01,9.683098591549296197e-01
8.652714192282537908e-01,9.683098591549296197e-01
8.652714192282537908e-01,9.753521126760563709e-01
8.718116415958142573e-01,9.753521126760563709e-01
8.718116415958142573e-01,9.788732394366197465e-01
8.776978417266186883e-01,9.788732394366197465e-01
8.776978417266186883e-01,9.823943661971831220e-01
8.835840418574231192e-01,9.823943661971831220e-01
8.835840418574231192e-01,9.859154929577464976e-01
8.881621975147154791e-01,9.859154929577464976e-01
8.881621975147154791e-01,9.894366197183098732e-01
8.947024198822759455e-01,9.894366197183098732e-01
8.947024198822759455e-01,9.929577464788732488e-01
9.117069980379333138e-01,9.929577464788732488e-01
9.117069980379333138e-01,9.964788732394366244e-01
9.287115761935905711e-01,9.964788732394366244e-01
9.287115761935905711e-01,1.000000000000000000e+00
1.000000000000000000e+00,1.000000000000000000e+00
