FPR,TPR
0.000000000000000000e+00,0.000000000000000000e+00
0.000000000000000000e+00,1.183431952662721909e-03
0.000000000000000000e+00,1.183431952662721866e-02
7.889546351084812366e-04,1.183431952662721866e-02
7.889546351084812366e-04,2.366863905325443732e-02
1.577909270216962473e-03,2.366863905325443732e-02
1.577909270216962473e-03,3.076923076923077094e-02
1.972386587771203254e-03,3.076923076923077094e-02
1.972386587771203254e-03,3.550295857988165771e-02
2.366863905325443818e-03,3.550295857988165771e-02
2.366863905325443818e-03,3.905325443786981932e-02
2.761341222879684382e-03,3.905325443786981932e-02
2.761341222879684382e-03,4.497041420118343125e-02
3.550295857988165511e-03,4.497041420118343125e-02
3.550295857988165511e-03,4.733727810650887463e-02
4.339250493096647072e-03,4.733727810650887463e-02
4.339250493096647072e-03,4.852071005917159979e-02
4.733727810650887637e-03,4.852071005917159979e-02
4.733727810650887637e-03,5.207100591715976140e-02
5.128205128205128201e-03,5.207100591715976140e-02
5.128205128205128201e-03,5.562130177514792995e-02
5.522682445759368765e-03,5.562130177514792995e-02
5.522682445759368765e-03,5.798816568047337333e-02
5.917159763313609329e-03,5.798816568047337333e-02
5.917159763313609329e-03,5.917159763313609155e-02
6.706114398422090457e-03,5.917159763313609155e-02
6.706114398422090457e-03,6.153846153846154188e-02
7.495069033530571585e-03,6.153846153846154188e-02
7.495069033530571585e-03,6.272189349112426704e-02
7.889546351084813017e-03,6.272189349112426704e-02
7.889546351084813017e-03,6.390532544378697832e-02
8.284023668639053581e-03,6.390532544378697832e-02
8.284023668639053581e-03,8.047337278106508895e-02
8.678500986193294145e-03,8.047337278106508895e-02
8.678500986193294145e-03,8.165680473372781412e-02
9.072978303747534709e-03,8.165680473372781412e-02
9.072978303747534709e-03,8.402366863905325056e-02
9.467455621301775273e-03,8.402366863905325056e-02
9.467455621301775273e-03,8.520710059171597572e-02
9.861932938856015837e-03,8.520710059171597572e-02
9.861932938856015837e-03,8.875739644970413733e-02
1.104536489151873753e-02,8.875739644970413733e-02
1.104536489151873753e-02,9.112426035502958765e-02
1.143984220907297809e-02,9.112426035502958765e-02
1.143984220907297809e-02,9.467455621301774926e-02
1.222879684418145922e-02,9.467455621301774926e-02
1.222879684418145922e-02,9.822485207100591087e-02
1.262327416173569979e-02,9.822485207100591087e-02
1.262327416173569979e-02,9.940828402366863603e-02
1.301775147928994035e-02,9.940828402366863603e-02
1.301775147928994035e-02,1.005917159763313612e-01
1.380670611439842148e-02,1.005917159763313612e-01
1.380670611439842148e-02,1.029585798816568115e-01
1.459566074950690261e-02,1.029585798816568115e-01
1.459566074950690261e-02,1.053254437869822480e-01
1.499013806706114317e-02,1.053254437869822480e-01
1.499013806706114317e-02,1.065088757396449731e-01
1.656804733727810716e-02,1.065088757396449731e-01
1.656804733727810716e-02,1.088757396449704096e-01
1.696252465483234773e-02,1.088757396449704096e-01
1.696252465483234773e-02,1.112426035502958599e-01
1.775147928994082885e-02,1.112426035502958599e-01
1.775147928994082885e-02,1.124260355029585851e-01
1.814595660749506942e-02,1.124260355029585851e-01
1.814595660749506942e-02,1.136094674556212963e-01
2.011834319526627224e-02,1.136094674556212963e-01
2.011834319526627224e-02,1.159763313609467467e-01
2.090729783037475337e-02,1.159763313609467467e-01
2.090729783037475337e-02,1.207100591715976334e-01
2.169625246548323450e-02,1.207100591715976334e-01
2.169625246548323450e-02,1.230769230769230838e-01
2.287968441814595619e-02,1.230769230769230838e-01
2.287968441814595619e-02,1.242603550295857950e-01
2.406311637080867788e-02,1.242603550295857950e-01
2.406311637080867788e-02,1.254437869822485341e-01
2.445759368836291844e-02,1.254437869822485341e-01
2.445759368836291844e-02,1.325443786982248573e-01
2.524654832347139957e-02,1.325443786982248573e-01
2.524654832347139957e-02,1.372781065088757302e-01
2.564102564102564014e-02,1.372781065088757302e-01
2.564102564102564014e-02,1.408284023668638918e-01
2.603550295857988070e-02,1.408284023668638918e-01
2.603550295857988070e-02,1.420118343195266308e-01
2.721893491124260239e-02,1.420118343195266308e-01
2.721893491124260239e-02,1.455621301775147924e-01
2.761341222879684296e-02,1.455621301775147924e-01
2.761341222879684296e-02,1.467455621301775037e-01
3.037475345167652691e-02,1.467455621301775037e-01
3.037475345167652691e-02,1.479289940828402428e-01
3.076923076923077094e-02,1.479289940828402428e-01
3.076923076923077094e-02,1.502958579881656931e-01
3.195266272189348916e-02,1.502958579881656931e-01
3.195266272189348916e-02,1.514792899408284044e-01
3.431952662721893255e-02,1.514792899408284044e-01
3.431952662721893255e-02,1.526627218934911157e-01
3.510848126232741367e-02,1.526627218934911157e-01
3.510848126232741367e-02,1.562130177514792773e-01
3.550295857988165771e-02,1.562130177514792773e-01
3.550295857988165771e-02,1.573964497041420163e-01
3.589743589743589480e-02,1.573964497041420163e-01
3.589743589743589480e-02,1.585798816568047276e-01
3.629191321499013884e-02,1.585798816568047276e-01
3.629191321499013884e-02,1.597633136094674666e-01
3.668639053254437593e-02,1.597633136094674666e-01
3.668639053254437593e-02,1.609467455621301779e-01
3.747534516765285706e-02,1.609467455621301779e-01
3.747534516765285706e-02,1.621301775147928892e-01
3.786982248520710109e-02,1.621301775147928892e-01
3.786982248520710109e-02,1.633136094674556282e-01
3.826429980276133819e-02,1.633136094674556282e-01
3.826429980276133819e-02,1.644970414201183395e-01
3.865877712031558222e-02,1.644970414201183395e-01
3.865877712031558222e-02,1.668639053254437898e-01
3.984220907297830044e-02,1.668639053254437898e-01
3.984220907297830044e-02,1.704142011834319514e-01
4.023668639053254448e-02,1.704142011834319514e-01
4.023668639053254448e-02,1.727810650887574018e-01
4.142011834319526964e-02,1.727810650887574018e-01
4.142011834319526964e-02,1.739644970414201131e-01
4.260355029585798786e-02,1.739644970414201131e-01
4.260355029585798786e-02,1.751479289940828521e-01
4.418145956607495012e-02,1.751479289940828521e-01
4.418145956607495012e-02,1.775147928994082747e-01
4.497041420118343125e-02,1.775147928994082747e-01
4.497041420118343125e-02,1.810650887573964363e-01
4.575936883629191237e-02,1.810650887573964363e-01
4.575936883629191237e-02,1.834319526627218866e-01
4.615384615384615641e-02,1.834319526627218866e-01
4.615384615384615641e-02,1.846153846153846256e-01
4.773175542406311866e-02,1.846153846153846256e-01
4.773175542406311866e-02,1.857988165680473369e-01
4.812623274161735576e-02,1.857988165680473369e-01
4.812623274161735576e-02,1.869822485207100482e-01
4.891518737672583689e-02,1.869822485207100482e-01
4.891518737672583689e-02,1.881656804733727872e-01
4.970414201183431802e-02,1.881656804733727872e-01
5.049309664694279914e-02,1.881656804733727872e-01
5.049309664694279914e-02,1.905325443786982376e-01
5.207100591715976140e-02,1.905325443786982376e-01
5.207100591715976140e-02,1.940828402366863992e-01
5.404339250493096769e-02,1.940828402366863992e-01
5.404339250493096769e-02,1.964497041420118217e-01
5.443786982248520478e-02,1.964497041420118217e-01
5.443786982248520478e-02,1.988165680473372721e-01
5.522682445759368591e-02,1.988165680473372721e-01
5.522682445759368591e-02,2.000000000000000111e-01
5.562130177514792995e-02,2.000000000000000111e-01
5.562130177514792995e-02,2.035502958579881727e-01
5.601577909270216704e-02,2.035502958579881727e-01
5.601577909270216704e-02,2.059171597633136230e-01
5.641025641025641107e-02,2.059171597633136230e-01
5.641025641025641107e-02,2.071005917159763343e-01
5.680473372781064817e-02,2.071005917159763343e-01
5.680473372781064817e-02,2.094674556213017846e-01
5.798816568047337333e-02,2.094674556213017846e-01
5.798816568047337333e-02,2.118343195266272072e-01
5.877712031558185446e-02,2.118343195266272072e-01
5.877712031558185446e-02,2.165680473372781079e-01
6.035502958579881672e-02,2.165680473372781079e-01
6.035502958579881672e-02,2.189349112426035582e-01
6.153846153846154188e-02,2.189349112426035582e-01
6.153846153846154188e-02,2.213017751479289807e-01
6.232741617357002301e-02,2.213017751479289807e-01
6.232741617357002301e-02,2.224852071005917198e-01
6.272189349112426704e-02,2.224852071005917198e-01
6.272189349112426704e-02,2.236686390532544311e-01
6.351084812623274123e-02,2.236686390532544311e-01
6.351084812623274123e-02,2.248520710059171701e-01
6.666666666666666574e-02,2.248520710059171701e-01
6.666666666666666574e-02,2.260355029585798814e-01
6.745562130177515381e-02,2.260355029585798814e-01
6.745562130177515381e-02,2.272189349112425927e-01
6.785009861932939090e-02,2.272189349112425927e-01
6.785009861932939090e-02,2.284023668639053317e-01
6.863905325443786509e-02,2.284023668639053317e-01
6.863905325443786509e-02,2.307692307692307820e-01
6.903353057199211606e-02,2.307692307692307820e-01
6.903353057199211606e-02,2.331360946745562046e-01
6.942800788954635316e-02,2.331360946745562046e-01
6.942800788954635316e-02,2.355029585798816549e-01
6.982248520710059025e-02,2.355029585798816549e-01
6.982248520710059025e-02,2.390532544378698165e-01
7.021696252465482735e-02,2.390532544378698165e-01
7.021696252465482735e-02,2.402366863905325556e-01
7.061143984220907832e-02,2.402366863905325556e-01
7.061143984220907832e-02,2.414201183431952669e-01
7.100591715976331542e-02,2.414201183431952669e-01
7.100591715976331542e-02,2.426035502958579781e-01
7.179487179487178961e-02,2.426035502958579781e-01
7.179487179487178961e-02,2.449704142011834285e-01
7.218934911242604058e-02,2.449704142011834285e-01
7.297830374753451477e-02,2.449704142011834285e-01
7.297830374753451477e-02,2.520710059171597517e-01
7.495069033530571412e-02,2.520710059171597517e-01
7.495069033530571412e-02,2.532544378698224907e-01
7.613412228796843928e-02,2.532544378698224907e-01
7.613412228796843928e-02,2.544378698224852298e-01
7.652859960552267637e-02,2.544378698224852298e-01
7.652859960552267637e-02,2.556213017751479133e-01
7.731755424063116444e-02,2.556213017751479133e-01
7.731755424063116444e-02,2.568047337278106523e-01
7.850098619329388960e-02,2.568047337278106523e-01
7.850098619329388960e-02,2.615384615384615530e-01
7.928994082840236379e-02,2.615384615384615530e-01
8.086785009861932605e-02,2.615384615384615530e-01
8.086785009861932605e-02,2.627218934911242365e-01
8.205128205128205121e-02,2.627218934911242365e-01
8.205128205128205121e-02,2.639053254437869755e-01
8.284023668639053928e-02,2.639053254437869755e-01
8.284023668639053928e-02,2.650887573964497146e-01
8.323471400394477637e-02,2.650887573964497146e-01
8.323471400394477637e-02,2.674556213017751372e-01
8.362919132149901347e-02,2.674556213017751372e-01
8.362919132149901347e-02,2.721893491124260378e-01
8.481262327416173863e-02,2.721893491124260378e-01
8.481262327416173863e-02,2.757396449704141994e-01
8.520710059171597572e-02,2.757396449704141994e-01
8.520710059171597572e-02,2.769230769230769384e-01
8.560157790927021282e-02,2.769230769230769384e-01
8.560157790927021282e-02,2.781065088757396220e-01
8.875739644970413733e-02,2.781065088757396220e-01
8.875739644970413733e-02,2.792899408284023610e-01
8.915187376725838830e-02,2.792899408284023610e-01
8.915187376725838830e-02,2.804733727810651001e-01
8.954635108481262540e-02,2.804733727810651001e-01
8.954635108481262540e-02,2.828402366863905226e-01
9.072978303747535056e-02,2.828402366863905226e-01
9.072978303747535056e-02,2.852071005917160007e-01
9.151873767258382475e-02,2.852071005917160007e-01
9.151873767258382475e-02,2.863905325443786842e-01
9.191321499013806184e-02,2.863905325443786842e-01
9.191321499013806184e-02,2.899408284023668458e-01
9.309664694280078701e-02,2.899408284023668458e-01
9.309664694280078701e-02,2.923076923076923239e-01
9.388560157790927507e-02,2.923076923076923239e-01
9.388560157790927507e-02,2.958579881656804855e-01
9.506903353057198636e-02,2.958579881656804855e-01
9.506903353057198636e-02,2.970414201183431691e-01
9.585798816568047442e-02,2.970414201183431691e-01
9.585798816568047442e-02,2.982248520710059081e-01
9.704142011834319959e-02,2.982248520710059081e-01
9.704142011834319959e-02,3.017751479289940697e-01
9.861932938856016184e-02,3.017751479289940697e-01
9.861932938856016184e-02,3.041420118343195478e-01
9.901380670611439894e-02,3.041420118343195478e-01
9.901380670611439894e-02,3.076923076923077094e-01
1.001972386587771241e-01,3.076923076923077094e-01
1.001972386587771241e-01,3.088757396449703929e-01
1.017751479289940864e-01,3.088757396449703929e-01
1.017751479289940864e-01,3.100591715976331320e-01
1.025641025641025605e-01,3.100591715976331320e-01
1.025641025641025605e-01,3.136094674556212936e-01
1.033530571992110486e-01,3.136094674556212936e-01
1.033530571992110486e-01,3.147928994082840326e-01
1.037475345167652857e-01,3.147928994082840326e-01
1.037475345167652857e-01,3.171597633136094552e-01
1.045364891518737738e-01,3.171597633136094552e-01
1.045364891518737738e-01,3.183431952662721942e-01
1.049309664694280109e-01,3.183431952662721942e-01
1.049309664694280109e-01,3.195266272189349332e-01
1.061143984220907360e-01,3.195266272189349332e-01
1.061143984220907360e-01,3.207100591715976168e-01
1.065088757396449731e-01,3.207100591715976168e-01
1.065088757396449731e-01,3.218934911242603558e-01
1.080867850098619354e-01,3.218934911242603558e-01
1.080867850098619354e-01,3.254437869822485174e-01
1.092702169625246605e-01,3.254437869822485174e-01
1.092702169625246605e-01,3.266272189349112565e-01
1.096646942800788976e-01,3.266272189349112565e-01
1.096646942800788976e-01,3.289940828402366790e-01
1.100591715976331347e-01,3.289940828402366790e-01
1.100591715976331347e-01,3.301775147928994181e-01
1.108481262327416228e-01,3.301775147928994181e-01
1.108481262327416228e-01,3.313609467455621571e-01
1.128205128205128221e-01,3.313609467455621571e-01
1.128205128205128221e-01,3.325443786982248406e-01
1.140039447731755473e-01,3.325443786982248406e-01
1.140039447731755473e-01,3.337278106508875797e-01
1.147928994082840215e-01,3.337278106508875797e-01
1.147928994082840215e-01,3.384615384615384803e-01
1.159763313609467467e-01,3.384615384615384803e-01
1.159763313609467467e-01,3.396449704142011639e-01
1.187376725838264341e-01,3.396449704142011639e-01
1.187376725838264341e-01,3.408284023668639029e-01
1.191321499013806712e-01,3.408284023668639029e-01
1.191321499013806712e-01,3.443786982248520645e-01
1.195266272189349083e-01,3.443786982248520645e-01
1.195266272189349083e-01,3.455621301775148035e-01
1.211045364891518705e-01,3.455621301775148035e-01
1.211045364891518705e-01,3.467455621301774871e-01
1.226824457593688328e-01,3.467455621301774871e-01
1.226824457593688328e-01,3.479289940828402261e-01
1.238658777120315579e-01,3.479289940828402261e-01
1.238658777120315579e-01,3.491124260355029651e-01
1.262327416173570083e-01,3.491124260355029651e-01
1.262327416173570083e-01,3.514792899408283877e-01
1.270216962524654825e-01,3.514792899408283877e-01
1.270216962524654825e-01,3.550295857988165493e-01
1.289940828402366957e-01,3.550295857988165493e-01
1.289940828402366957e-01,3.562130177514792884e-01
1.301775147928994070e-01,3.562130177514792884e-01
1.301775147928994070e-01,3.585798816568047109e-01
1.305719921104536441e-01,3.585798816568047109e-01
1.305719921104536441e-01,3.597633136094674500e-01
1.309664694280078812e-01,3.597633136094674500e-01
1.309664694280078812e-01,3.621301775147928725e-01
1.313609467455621183e-01,3.621301775147928725e-01
1.313609467455621183e-01,3.644970414201183506e-01
1.317554240631163831e-01,3.644970414201183506e-01
1.317554240631163831e-01,3.656804733727810897e-01
1.333333333333333315e-01,3.656804733727810897e-01
1.333333333333333315e-01,3.668639053254437732e-01
1.341222879684418057e-01,3.668639053254437732e-01
1.341222879684418057e-01,3.680473372781065122e-01
1.349112426035503076e-01,3.680473372781065122e-01
1.349112426035503076e-01,3.692307692307692513e-01
1.372781065088757302e-01,3.692307692307692513e-01
1.372781065088757302e-01,3.704142011834319348e-01
1.380670611439842321e-01,3.704142011834319348e-01
1.380670611439842321e-01,3.715976331360946738e-01
1.384615384615384692e-01,3.715976331360946738e-01
1.384615384615384692e-01,3.727810650887574129e-01
1.388560157790927063e-01,3.727810650887574129e-01
1.388560157790927063e-01,3.763313609467455745e-01
1.416173570019723937e-01,3.763313609467455745e-01
1.416173570019723937e-01,3.810650887573964751e-01
1.420118343195266308e-01,3.810650887573964751e-01
1.420118343195266308e-01,3.822485207100591587e-01
1.428007889546351050e-01,3.822485207100591587e-01
1.428007889546351050e-01,3.869822485207100593e-01
1.431952662721893421e-01,3.869822485207100593e-01
1.431952662721893421e-01,3.881656804733727983e-01
1.435897435897435792e-01,3.881656804733727983e-01
1.435897435897435792e-01,3.893491124260354819e-01
1.439842209072978441e-01,3.893491124260354819e-01
1.439842209072978441e-01,3.917159763313609599e-01
1.447731755424063183e-01,3.917159763313609599e-01
1.447731755424063183e-01,3.928994082840236435e-01
1.455621301775147924e-01,3.928994082840236435e-01
1.455621301775147924e-01,3.952662721893491216e-01
1.487179487179487170e-01,3.952662721893491216e-01
1.487179487179487170e-01,4.000000000000000222e-01
1.499013806706114282e-01,4.000000000000000222e-01
1.499013806706114282e-01,4.023668639053254448e-01
1.506903353057199302e-01,4.023668639053254448e-01
1.506903353057199302e-01,4.035502958579881838e-01
1.518737672583826415e-01,4.035502958579881838e-01
1.518737672583826415e-01,4.047337278106508673e-01
1.522682445759368786e-01,4.047337278106508673e-01
1.522682445759368786e-01,4.059171597633136064e-01
1.538461538461538547e-01,4.059171597633136064e-01
1.538461538461538547e-01,4.071005917159763454e-01
1.558185404339250402e-01,4.071005917159763454e-01
1.558185404339250402e-01,4.082840236686390289e-01
1.566074950690335421e-01,4.082840236686390289e-01
1.566074950690335421e-01,4.094674556213017680e-01
1.585798816568047276e-01,4.094674556213017680e-01
1.585798816568047276e-01,4.118343195266272461e-01
1.593688362919132018e-01,4.118343195266272461e-01
1.593688362919132018e-01,4.153846153846154077e-01
1.625246548323471263e-01,4.153846153846154077e-01
1.625246548323471263e-01,4.165680473372780912e-01
1.629191321499013911e-01,4.165680473372780912e-01
1.629191321499013911e-01,4.189349112426035693e-01
1.637080867850098653e-01,4.189349112426035693e-01
1.637080867850098653e-01,4.213017751479289918e-01
1.641025641025641024e-01,4.213017751479289918e-01
1.641025641025641024e-01,4.224852071005917309e-01
1.648915187376725766e-01,4.224852071005917309e-01
1.648915187376725766e-01,4.260355029585798925e-01
1.684418145956607382e-01,4.260355029585798925e-01
1.684418145956607382e-01,4.272189349112425760e-01
1.692307692307692402e-01,4.272189349112425760e-01
1.692307692307692402e-01,4.284023668639053151e-01
1.700197238658777144e-01,4.284023668639053151e-01
1.708086785009861885e-01,4.284023668639053151e-01
1.708086785009861885e-01,4.295857988165680541e-01
1.743589743589743501e-01,4.295857988165680541e-01
1.743589743589743501e-01,4.343195266272189548e-01
1.755424063116370892e-01,4.343195266272189548e-01
1.755424063116370892e-01,4.366863905325443773e-01
1.763313609467455634e-01,4.366863905325443773e-01
1.763313609467455634e-01,4.378698224852071164e-01
1.767258382642998005e-01,4.378698224852071164e-01
1.767258382642998005e-01,4.402366863905325389e-01
1.775147928994082747e-01,4.402366863905325389e-01
1.775147928994082747e-01,4.414201183431952780e-01
1.790927021696252508e-01,4.414201183431952780e-01
1.790927021696252508e-01,4.426035502958579615e-01
1.798816568047337250e-01,4.426035502958579615e-01
1.798816568047337250e-01,4.461538461538461786e-01
1.806706114398421992e-01,4.461538461538461786e-01
1.806706114398421992e-01,4.485207100591716012e-01
1.814595660749507011e-01,4.485207100591716012e-01
1.814595660749507011e-01,4.508875739644970237e-01
1.822485207100591753e-01,4.508875739644970237e-01
1.822485207100591753e-01,4.520710059171597628e-01
1.826429980276134124e-01,4.520710059171597628e-01
1.826429980276134124e-01,4.532544378698225018e-01
1.830374753451676495e-01,4.532544378698225018e-01
1.830374753451676495e-01,4.544378698224851854e-01
1.857988165680473369e-01,4.544378698224851854e-01
1.857988165680473369e-01,4.568047337278106634e-01
1.865877712031558111e-01,4.568047337278106634e-01
1.865877712031558111e-01,4.615384615384615641e-01
1.869822485207100482e-01,4.615384615384615641e-01
1.869822485207100482e-01,4.639053254437869866e-01
1.873767258382643131e-01,4.639053254437869866e-01
1.873767258382643131e-01,4.650887573964497257e-01
1.897435897435897356e-01,4.650887573964497257e-01
1.897435897435897356e-01,4.662721893491124092e-01
1.901380670611439727e-01,4.662721893491124092e-01
1.901380670611439727e-01,4.674556213017751483e-01
1.905325443786982376e-01,4.674556213017751483e-01
1.905325443786982376e-01,4.686390532544378873e-01
1.909270216962524747e-01,4.686390532544378873e-01
1.909270216962524747e-01,4.698224852071005708e-01
1.913214990138067118e-01,4.698224852071005708e-01
1.913214990138067118e-01,4.721893491124260489e-01
1.925049309664694230e-01,4.721893491124260489e-01
1.932938856015778972e-01,4.721893491124260489e-01
1.944773175542406363e-01,4.721893491124260489e-01
1.944773175542406363e-01,4.733727810650887324e-01
1.952662721893491105e-01,4.733727810650887324e-01
1.952662721893491105e-01,4.745562130177514715e-01
1.956607495069033475e-01,4.745562130177514715e-01
1.956607495069033475e-01,4.757396449704142105e-01
1.964497041420118217e-01,4.757396449704142105e-01
1.964497041420118217e-01,4.781065088757396331e-01
1.980276134122287979e-01,4.781065088757396331e-01
1.980276134122287979e-01,4.804733727810651112e-01
1.996055226824457463e-01,4.804733727810651112e-01
1.996055226824457463e-01,4.816568047337277947e-01
2.000000000000000111e-01,4.816568047337277947e-01
2.000000000000000111e-01,4.828402366863905337e-01
2.003944773175542482e-01,4.828402366863905337e-01
2.003944773175542482e-01,4.840236686390532728e-01
2.007889546351084853e-01,4.840236686390532728e-01
2.007889546351084853e-01,4.852071005917159563e-01
2.023668639053254337e-01,4.852071005917159563e-01
2.023668639053254337e-01,4.863905325443786953e-01
2.043392504930966469e-01,4.863905325443786953e-01
2.043392504930966469e-01,4.875739644970414344e-01
2.055226824457593582e-01,4.875739644970414344e-01
2.055226824457593582e-01,4.887573964497041179e-01
2.063116370808678601e-01,4.887573964497041179e-01
2.063116370808678601e-01,4.899408284023668569e-01
2.074950690335305714e-01,4.899408284023668569e-01
2.074950690335305714e-01,4.911242603550295960e-01
2.078895463510848085e-01,4.911242603550295960e-01
2.078895463510848085e-01,4.946745562130177576e-01
2.082840236686390456e-01,4.946745562130177576e-01
2.082840236686390456e-01,4.982248520710059192e-01
2.086785009861932827e-01,4.982248520710059192e-01
2.086785009861932827e-01,4.994082840236686582e-01
2.110453648915187330e-01,4.994082840236686582e-01
2.110453648915187330e-01,5.005917159763313418e-01
2.114398422090729701e-01,5.005917159763313418e-01
2.114398422090729701e-01,5.017751479289941363e-01
2.153846153846153966e-01,5.017751479289941363e-01
2.153846153846153966e-01,5.029585798816568198e-01
2.165680473372781079e-01,5.029585798816568198e-01
2.165680473372781079e-01,5.053254437869822979e-01
2.189349112426035582e-01,5.053254437869822979e-01
2.189349112426035582e-01,5.088757396449704595e-01
2.197238658777120324e-01,5.088757396449704595e-01
2.197238658777120324e-01,5.100591715976331431e-01
2.232741617357001940e-01,5.100591715976331431e-01
2.232741617357001940e-01,5.112426035502958266e-01
2.256410256410256443e-01,5.112426035502958266e-01
2.256410256410256443e-01,5.124260355029586211e-01
2.264299802761341185e-01,5.124260355029586211e-01
2.264299802761341185e-01,5.136094674556213047e-01
2.280078895463510946e-01,5.136094674556213047e-01
2.280078895463510946e-01,5.159763313609467827e-01
2.311637080867850191e-01,5.159763313609467827e-01
2.311637080867850191e-01,5.171597633136094663e-01
2.315581854043392562e-01,5.171597633136094663e-01
2.315581854043392562e-01,5.183431952662721498e-01
2.339250493096647066e-01,5.183431952662721498e-01
2.339250493096647066e-01,5.218934911242603114e-01
2.347140039447731807e-01,5.218934911242603114e-01
2.347140039447731807e-01,5.230769230769231060e-01
2.366863905325443662e-01,5.230769230769231060e-01
2.366863905325443662e-01,5.242603550295857895e-01
2.386587771203155794e-01,5.242603550295857895e-01
2.386587771203155794e-01,5.266272189349112676e-01
2.406311637080867927e-01,5.266272189349112676e-01
2.406311637080867927e-01,5.289940828402366346e-01
2.414201183431952669e-01,5.289940828402366346e-01
2.414201183431952669e-01,5.301775147928994292e-01
2.429980276134122152e-01,5.301775147928994292e-01
2.429980276134122152e-01,5.325443786982249073e-01
2.449704142011834285e-01,5.325443786982249073e-01
2.449704142011834285e-01,5.349112426035502743e-01
2.453648915187376656e-01,5.349112426035502743e-01
2.453648915187376656e-01,5.360946745562130689e-01
2.465483234714004046e-01,5.360946745562130689e-01
2.465483234714004046e-01,5.384615384615384359e-01
2.473372781065088788e-01,5.384615384615384359e-01
2.473372781065088788e-01,5.396449704142012305e-01
2.504930966469428033e-01,5.396449704142012305e-01
2.504930966469428033e-01,5.408284023668639140e-01
2.512820512820512775e-01,5.408284023668639140e-01
2.520710059171597517e-01,5.408284023668639140e-01
2.536489151873767001e-01,5.408284023668639140e-01
2.536489151873767001e-01,5.420118343195265975e-01
2.575936883629191265e-01,5.420118343195265975e-01
2.575936883629191265e-01,5.467455621301775537e-01
2.583826429980276007e-01,5.467455621301775537e-01
2.583826429980276007e-01,5.502958579881657153e-01
2.591715976331360749e-01,5.502958579881657153e-01
2.591715976331360749e-01,5.514792899408283988e-01
2.595660749506903398e-01,5.514792899408283988e-01
2.595660749506903398e-01,5.526627218934910823e-01
2.599605522682445491e-01,5.526627218934910823e-01
2.599605522682445491e-01,5.538461538461538769e-01
2.603550295857988139e-01,5.538461538461538769e-01
2.603550295857988139e-01,5.550295857988165604e-01
2.615384615384615530e-01,5.550295857988165604e-01
2.615384615384615530e-01,5.562130177514792440e-01
2.623274161735700272e-01,5.562130177514792440e-01
2.623274161735700272e-01,5.573964497041420385e-01
2.635108481262327662e-01,5.573964497041420385e-01
2.635108481262327662e-01,5.585798816568047220e-01
2.646942800788954497e-01,5.585798816568047220e-01
2.646942800788954497e-01,5.609467455621302001e-01
2.650887573964497146e-01,5.609467455621302001e-01
2.650887573964497146e-01,5.633136094674555672e-01
2.690335305719920855e-01,5.633136094674555672e-01
2.690335305719920855e-01,5.644970414201183617e-01
2.737672583826429862e-01,5.644970414201183617e-01
2.737672583826429862e-01,5.656804733727810452e-01
2.741617357001972510e-01,5.656804733727810452e-01
2.741617357001972510e-01,5.715976331360946849e-01
2.765285996055226736e-01,5.715976331360946849e-01
2.765285996055226736e-01,5.727810650887573685e-01
2.773175542406311478e-01,5.727810650887573685e-01
2.773175542406311478e-01,5.751479289940828465e-01
2.781065088757396220e-01,5.751479289940828465e-01
2.781065088757396220e-01,5.763313609467455301e-01
2.792899408284023610e-01,5.763313609467455301e-01
2.792899408284023610e-01,5.786982248520710082e-01
2.824457593688363133e-01,5.786982248520710082e-01
2.824457593688363133e-01,5.798816568047336917e-01
2.844181459566074710e-01,5.798816568047336917e-01
2.844181459566074710e-01,5.810650887573964862e-01
2.848126232741617359e-01,5.810650887573964862e-01
2.848126232741617359e-01,5.822485207100591698e-01
2.852071005917160007e-01,5.822485207100591698e-01
2.852071005917160007e-01,5.834319526627218533e-01
2.875739644970414233e-01,5.834319526627218533e-01
2.875739644970414233e-01,5.846153846153846478e-01
2.903353057199211107e-01,5.846153846153846478e-01
2.903353057199211107e-01,5.857988165680473314e-01
2.927021696252465333e-01,5.857988165680473314e-01
2.927021696252465333e-01,5.869822485207100149e-01
2.950690335305720113e-01,5.869822485207100149e-01
2.950690335305720113e-01,5.881656804733728094e-01
2.954635108481262207e-01,5.881656804733728094e-01
2.954635108481262207e-01,5.893491124260354930e-01
2.966469428007889597e-01,5.893491124260354930e-01
2.966469428007889597e-01,5.928994082840236546e-01
2.982248520710059081e-01,5.928994082840236546e-01
2.982248520710059081e-01,5.940828402366863381e-01
2.986193293885601729e-01,5.940828402366863381e-01
2.986193293885601729e-01,5.964497041420118162e-01
2.990138067061143823e-01,5.964497041420118162e-01
2.990138067061143823e-01,5.976331360946746107e-01
3.001972386587771213e-01,5.976331360946746107e-01
3.001972386587771213e-01,5.988165680473372943e-01
3.005917159763313862e-01,5.988165680473372943e-01
3.005917159763313862e-01,5.999999999999999778e-01
3.045364891518737571e-01,5.999999999999999778e-01
3.045364891518737571e-01,6.035502958579881394e-01
3.049309664694280220e-01,6.035502958579881394e-01
3.049309664694280220e-01,6.047337278106509340e-01
3.053254437869822313e-01,6.047337278106509340e-01
3.053254437869822313e-01,6.059171597633136175e-01
3.061143984220907055e-01,6.059171597633136175e-01
3.061143984220907055e-01,6.071005917159763010e-01
3.076923076923077094e-01,6.071005917159763010e-01
3.076923076923077094e-01,6.094674556213017791e-01
3.084812623274161836e-01,6.094674556213017791e-01
3.084812623274161836e-01,6.106508875739644626e-01
3.088757396449703929e-01,6.106508875739644626e-01
3.088757396449703929e-01,6.118343195266272572e-01
3.096646942800789226e-01,6.118343195266272572e-01
3.100591715976331320e-01,6.118343195266272572e-01
3.100591715976331320e-01,6.130177514792899407e-01
3.104536489151873968e-01,6.130177514792899407e-01
3.104536489151873968e-01,6.142011834319526242e-01
3.108481262327416061e-01,6.142011834319526242e-01
3.108481262327416061e-01,6.153846153846154188e-01
3.112426035502958710e-01,6.153846153846154188e-01
3.112426035502958710e-01,6.165680473372781023e-01
3.116370808678500803e-01,6.165680473372781023e-01
3.116370808678500803e-01,6.189349112426035804e-01
3.136094674556212936e-01,6.189349112426035804e-01
3.136094674556212936e-01,6.213017751479289474e-01
3.140039447731755584e-01,6.213017751479289474e-01
3.140039447731755584e-01,6.224852071005917420e-01
3.151873767258382419e-01,6.224852071005917420e-01
3.151873767258382419e-01,6.248520710059171090e-01
3.155818540433925068e-01,6.248520710059171090e-01
3.155818540433925068e-01,6.260355029585799036e-01
3.183431952662721942e-01,6.260355029585799036e-01
3.183431952662721942e-01,6.272189349112425871e-01
3.195266272189349332e-01,6.272189349112425871e-01
3.195266272189349332e-01,6.295857988165680652e-01
3.199211045364891426e-01,6.295857988165680652e-01
3.207100591715976168e-01,6.295857988165680652e-01
3.207100591715976168e-01,6.319526627218935433e-01
3.214990138067060910e-01,6.319526627218935433e-01
3.214990138067060910e-01,6.331360946745562268e-01
3.222879684418146207e-01,6.331360946745562268e-01
3.222879684418146207e-01,6.343195266272189103e-01
3.246548323471400432e-01,6.343195266272189103e-01
3.246548323471400432e-01,6.355029585798817049e-01
3.250493096646942526e-01,6.355029585798817049e-01
3.250493096646942526e-01,6.378698224852070719e-01
3.258382642998027823e-01,6.378698224852070719e-01
3.258382642998027823e-01,6.390532544378698665e-01
3.262327416173569916e-01,6.390532544378698665e-01
3.262327416173569916e-01,6.402366863905325500e-01
3.293885601577909439e-01,6.402366863905325500e-01
3.293885601577909439e-01,6.414201183431952336e-01
3.309664694280078923e-01,6.414201183431952336e-01
3.309664694280078923e-01,6.426035502958580281e-01
3.317554240631163665e-01,6.426035502958580281e-01
3.317554240631163665e-01,6.437869822485207116e-01
3.333333333333333148e-01,6.437869822485207116e-01
3.333333333333333148e-01,6.461538461538461897e-01
3.341222879684417890e-01,6.461538461538461897e-01
3.345167652859960539e-01,6.461538461538461897e-01
3.345167652859960539e-01,6.485207100591715568e-01
3.353057199211045281e-01,6.485207100591715568e-01
3.353057199211045281e-01,6.497041420118343513e-01
3.357001972386587929e-01,6.497041420118343513e-01
3.357001972386587929e-01,6.520710059171597184e-01
3.364891518737672671e-01,6.520710059171597184e-01
3.364891518737672671e-01,6.532544378698225129e-01
3.368836291913214764e-01,6.532544378698225129e-01
3.368836291913214764e-01,6.544378698224851965e-01
3.392504930966469545e-01,6.544378698224851965e-01
3.392504930966469545e-01,6.556213017751478800e-01
3.412228796844181677e-01,6.556213017751478800e-01
3.412228796844181677e-01,6.579881656804733581e-01
3.435897435897435903e-01,6.579881656804733581e-01
3.435897435897435903e-01,6.603550295857988361e-01
3.451676528599605387e-01,6.603550295857988361e-01
3.451676528599605387e-01,6.615384615384615197e-01
3.455621301775148035e-01,6.615384615384615197e-01
3.455621301775148035e-01,6.627218934911243142e-01
3.499013806706114393e-01,6.627218934911243142e-01
3.499013806706114393e-01,6.639053254437869978e-01
3.530571992110453916e-01,6.639053254437869978e-01
3.530571992110453916e-01,6.650887573964496813e-01
3.542406311637080751e-01,6.650887573964496813e-01
3.550295857988165493e-01,6.650887573964496813e-01
3.573964497041420274e-01,6.650887573964496813e-01
3.573964497041420274e-01,6.662721893491124758e-01
3.593688362919132406e-01,6.662721893491124758e-01
3.593688362919132406e-01,6.674556213017751594e-01
3.609467455621301890e-01,6.674556213017751594e-01
3.609467455621301890e-01,6.686390532544378429e-01
3.637080867850098764e-01,6.686390532544378429e-01
3.637080867850098764e-01,6.698224852071006374e-01
3.656804733727810897e-01,6.698224852071006374e-01
3.656804733727810897e-01,6.721893491124260045e-01
3.660749506903352990e-01,6.721893491124260045e-01
3.660749506903352990e-01,6.733727810650887990e-01
3.680473372781065122e-01,6.733727810650887990e-01
3.680473372781065122e-01,6.745562130177514826e-01
3.715976331360946738e-01,6.745562130177514826e-01
3.715976331360946738e-01,6.757396449704141661e-01
3.719921104536489387e-01,6.757396449704141661e-01
3.719921104536489387e-01,6.781065088757396442e-01
3.731755424063116222e-01,6.781065088757396442e-01
3.731755424063116222e-01,6.792899408284023277e-01
3.735700197238658871e-01,6.792899408284023277e-01
3.735700197238658871e-01,6.804733727810651223e-01
3.763313609467455745e-01,6.804733727810651223e-01
3.763313609467455745e-01,6.816568047337278058e-01
3.779092702169625229e-01,6.816568047337278058e-01
3.779092702169625229e-01,6.828402366863904893e-01
3.786982248520709970e-01,6.828402366863904893e-01
3.786982248520709970e-01,6.852071005917159674e-01
3.798816568047337361e-01,6.852071005917159674e-01
3.798816568047337361e-01,6.863905325443786509e-01
3.806706114398422103e-01,6.863905325443786509e-01
3.806706114398422103e-01,6.875739644970414455e-01
3.826429980276134235e-01,6.875739644970414455e-01
3.826429980276134235e-01,6.887573964497041290e-01
3.842209072978303719e-01,6.887573964497041290e-01
3.842209072978303719e-01,6.899408284023668125e-01
3.857988165680473203e-01,6.899408284023668125e-01
3.857988165680473203e-01,6.923076923076922906e-01
3.897435897435897467e-01,6.923076923076922906e-01
3.897435897435897467e-01,6.934911242603549741e-01
3.905325443786982209e-01,6.934911242603549741e-01
3.905325443786982209e-01,6.958579881656804522e-01
3.913214990138066951e-01,6.958579881656804522e-01
3.913214990138066951e-01,6.970414201183432468e-01
3.917159763313609599e-01,6.970414201183432468e-01
3.917159763313609599e-01,6.994082840236686138e-01
3.925049309664694341e-01,6.994082840236686138e-01
3.925049309664694341e-01,7.017751479289940919e-01
3.932938856015779083e-01,7.017751479289940919e-01
3.932938856015779083e-01,7.029585798816567754e-01
3.948717948717948567e-01,7.029585798816567754e-01
3.948717948717948567e-01,7.053254437869822535e-01
3.964497041420118606e-01,7.053254437869822535e-01
3.964497041420118606e-01,7.065088757396449370e-01
3.972386587771203348e-01,7.065088757396449370e-01
3.972386587771203348e-01,7.076923076923077316e-01
3.988165680473372832e-01,7.076923076923077316e-01
3.988165680473372832e-01,7.100591715976330986e-01
3.992110453648914925e-01,7.100591715976330986e-01
3.992110453648914925e-01,7.112426035502958932e-01
3.996055226824457574e-01,7.112426035502958932e-01
3.996055226824457574e-01,7.124260355029585767e-01
4.011834319526627057e-01,7.124260355029585767e-01
4.011834319526627057e-01,7.136094674556212603e-01
4.019723865877711799e-01,7.136094674556212603e-01
4.019723865877711799e-01,7.147928994082840548e-01
4.031558185404339190e-01,7.147928994082840548e-01
4.031558185404339190e-01,7.159763313609467383e-01
4.035502958579881838e-01,7.159763313609467383e-01
4.035502958579881838e-01,7.171597633136094219e-01
4.059171597633136064e-01,7.171597633136094219e-01
4.059171597633136064e-01,7.183431952662722164e-01
4.067061143984220806e-01,7.183431952662722164e-01
4.067061143984220806e-01,7.195266272189348999e-01
4.102564102564102422e-01,7.195266272189348999e-01
4.102564102564102422e-01,7.218934911242603780e-01
4.106508875739645070e-01,7.218934911242603780e-01
4.106508875739645070e-01,7.230769230769230616e-01
4.134122287968441944e-01,7.230769230769230616e-01
4.134122287968441944e-01,7.242603550295857451e-01
4.138067061143984038e-01,7.242603550295857451e-01
4.138067061143984038e-01,7.254437869822485396e-01
4.165680473372780912e-01,7.254437869822485396e-01
4.165680473372780912e-01,7.266272189349112232e-01
4.177514792899408302e-01,7.266272189349112232e-01
4.177514792899408302e-01,7.278106508875740177e-01
4.193293885601577786e-01,7.278106508875740177e-01
4.193293885601577786e-01,7.289940828402367012e-01
4.197238658777120435e-01,7.289940828402367012e-01
4.197238658777120435e-01,7.301775147928993848e-01
4.220907297830374660e-01,7.301775147928993848e-01
4.220907297830374660e-01,7.313609467455621793e-01
4.228796844181459402e-01,7.313609467455621793e-01
4.228796844181459402e-01,7.325443786982248628e-01
4.252465483234714183e-01,7.325443786982248628e-01
4.252465483234714183e-01,7.337278106508875464e-01
4.287968441814595799e-01,7.337278106508875464e-01
4.287968441814595799e-01,7.360946745562130245e-01
4.335305719921104806e-01,7.360946745562130245e-01
4.335305719921104806e-01,7.384615384615385025e-01
4.339250493096646899e-01,7.384615384615385025e-01
4.339250493096646899e-01,7.396449704142011861e-01
4.358974358974359031e-01,7.396449704142011861e-01
4.358974358974359031e-01,7.408284023668638696e-01
4.378698224852071164e-01,7.408284023668638696e-01
4.378698224852071164e-01,7.420118343195266641e-01
4.382642998027613257e-01,7.420118343195266641e-01
4.382642998027613257e-01,7.431952662721893477e-01
4.418145956607494873e-01,7.431952662721893477e-01
4.418145956607494873e-01,7.443786982248520312e-01
4.449704142011834396e-01,7.443786982248520312e-01
4.449704142011834396e-01,7.467455621301775093e-01
4.453648915187376489e-01,7.467455621301775093e-01
4.453648915187376489e-01,7.479289940828401928e-01
4.457593688362919138e-01,7.479289940828401928e-01
4.457593688362919138e-01,7.502958579881656709e-01
4.461538461538461786e-01,7.502958579881656709e-01
4.461538461538461786e-01,7.514792899408283544e-01
4.477317554240631270e-01,7.514792899408283544e-01
4.477317554240631270e-01,7.538461538461538325e-01
4.493096646942800754e-01,7.538461538461538325e-01
4.493096646942800754e-01,7.550295857988165160e-01
4.500986193293885496e-01,7.550295857988165160e-01
4.500986193293885496e-01,7.562130177514793106e-01
4.504930966469428144e-01,7.562130177514793106e-01
4.504930966469428144e-01,7.597633136094674722e-01
4.512820512820512886e-01,7.597633136094674722e-01
4.528599605522682370e-01,7.597633136094674722e-01
4.528599605522682370e-01,7.609467455621301557e-01
4.540433925049309760e-01,7.609467455621301557e-01
4.540433925049309760e-01,7.621301775147929503e-01
4.560157790927021892e-01,7.621301775147929503e-01
4.560157790927021892e-01,7.633136094674556338e-01
4.575936883629191376e-01,7.633136094674556338e-01
4.575936883629191376e-01,7.644970414201183173e-01
4.579881656804733470e-01,7.644970414201183173e-01
4.579881656804733470e-01,7.680473372781064789e-01
4.591715976331360860e-01,7.680473372781064789e-01
4.591715976331360860e-01,7.692307692307692735e-01
4.595660749506903509e-01,7.692307692307692735e-01
4.595660749506903509e-01,7.704142011834319570e-01
4.599605522682445602e-01,7.704142011834319570e-01
4.599605522682445602e-01,7.715976331360946405e-01
4.619329388560157734e-01,7.715976331360946405e-01
4.619329388560157734e-01,7.727810650887574351e-01
4.631163708086785125e-01,7.727810650887574351e-01
4.631163708086785125e-01,7.739644970414201186e-01
4.662721893491124092e-01,7.739644970414201186e-01
4.662721893491124092e-01,7.763313609467455967e-01
4.686390532544378873e-01,7.763313609467455967e-01
4.686390532544378873e-01,7.786982248520709637e-01
4.698224852071005708e-01,7.786982248520709637e-01
4.698224852071005708e-01,7.798816568047337583e-01
4.702169625246548357e-01,7.798816568047337583e-01
4.702169625246548357e-01,7.810650887573964418e-01
4.729783037475345231e-01,7.810650887573964418e-01
4.729783037475345231e-01,7.822485207100591253e-01
4.737672583826429973e-01,7.822485207100591253e-01
4.737672583826429973e-01,7.834319526627219199e-01
4.757396449704142105e-01,7.834319526627219199e-01
4.757396449704142105e-01,7.846153846153846034e-01
4.785009861932938979e-01,7.846153846153846034e-01
4.785009861932938979e-01,7.857988165680472870e-01
4.808678500986193205e-01,7.857988165680472870e-01
4.808678500986193205e-01,7.881656804733727650e-01
4.820512820512820595e-01,7.881656804733727650e-01
4.820512820512820595e-01,7.917159763313609266e-01
4.824457593688362689e-01,7.917159763313609266e-01
4.824457593688362689e-01,7.928994082840237212e-01
4.867850098619329602e-01,7.928994082840237212e-01
4.867850098619329602e-01,7.940828402366864047e-01
4.871794871794871695e-01,7.940828402366864047e-01
4.871794871794871695e-01,7.964497041420118828e-01
4.875739644970414344e-01,7.964497041420118828e-01
4.875739644970414344e-01,7.976331360946745663e-01
4.879684418145956437e-01,7.976331360946745663e-01
4.879684418145956437e-01,8.011834319526627279e-01
4.887573964497041179e-01,8.011834319526627279e-01
4.887573964497041179e-01,8.035502958579882060e-01
4.915187376725838053e-01,8.035502958579882060e-01
4.915187376725838053e-01,8.047337278106508895e-01
4.923076923076923350e-01,8.047337278106508895e-01
4.950690335305719669e-01,8.047337278106508895e-01
4.950690335305719669e-01,8.059171597633135731e-01
4.954635108481262318e-01,8.059171597633135731e-01
4.954635108481262318e-01,8.071005917159763676e-01
4.970414201183431802e-01,8.071005917159763676e-01
4.978303747534516543e-01,8.071005917159763676e-01
4.978303747534516543e-01,8.082840236686390512e-01
4.986193293885601840e-01,8.082840236686390512e-01
4.986193293885601840e-01,8.094674556213017347e-01
4.990138067061143934e-01,8.094674556213017347e-01
4.990138067061143934e-01,8.106508875739645292e-01
5.005917159763313418e-01,8.106508875739645292e-01
5.005917159763313418e-01,8.118343195266272128e-01
5.009861932938856066e-01,8.118343195266272128e-01
5.009861932938856066e-01,8.130177514792898963e-01
5.017751479289941363e-01,8.130177514792898963e-01
5.017751479289941363e-01,8.142011834319526908e-01
5.069033530571992463e-01,8.142011834319526908e-01
5.076923076923076650e-01,8.142011834319526908e-01
5.116370808678500914e-01,8.142011834319526908e-01
5.116370808678500914e-01,8.153846153846153744e-01
5.128205128205127750e-01,8.153846153846153744e-01
5.128205128205127750e-01,8.165680473372780579e-01
5.136094674556213047e-01,8.165680473372780579e-01
5.136094674556213047e-01,8.177514792899408524e-01
5.147928994082839882e-01,8.177514792899408524e-01
5.147928994082839882e-01,8.189349112426035360e-01
5.151873767258382530e-01,8.189349112426035360e-01
5.151873767258382530e-01,8.201183431952662195e-01
5.167652859960552014e-01,8.201183431952662195e-01
5.167652859960552014e-01,8.213017751479290141e-01
5.187376725838264147e-01,8.213017751479290141e-01
5.187376725838264147e-01,8.224852071005916976e-01
5.195266272189349444e-01,8.224852071005916976e-01
5.195266272189349444e-01,8.248520710059171757e-01
5.207100591715976279e-01,8.248520710059171757e-01
5.207100591715976279e-01,8.260355029585798592e-01
5.234714003944773708e-01,8.260355029585798592e-01
5.234714003944773708e-01,8.272189349112426537e-01
5.238658777120315246e-01,8.272189349112426537e-01
5.238658777120315246e-01,8.284023668639053373e-01
5.250493096646943192e-01,8.284023668639053373e-01
5.250493096646943192e-01,8.295857988165680208e-01
5.278106508875739511e-01,8.295857988165680208e-01
5.278106508875739511e-01,8.307692307692308153e-01
5.285996055226824808e-01,8.307692307692308153e-01
5.285996055226824808e-01,8.319526627218934989e-01
5.301775147928994292e-01,8.319526627218934989e-01
5.301775147928994292e-01,8.331360946745561824e-01
5.313609467455621127e-01,8.331360946745561824e-01
5.313609467455621127e-01,8.343195266272189770e-01
5.321499013806706424e-01,8.343195266272189770e-01
5.321499013806706424e-01,8.355029585798816605e-01
5.325443786982249073e-01,8.355029585798816605e-01
5.325443786982249073e-01,8.366863905325443440e-01
5.357001972386588040e-01,8.366863905325443440e-01
5.357001972386588040e-01,8.390532544378698221e-01
5.360946745562130689e-01,8.390532544378698221e-01
5.360946745562130689e-01,8.402366863905325056e-01
5.396449704142012305e-01,8.402366863905325056e-01
5.396449704142012305e-01,8.426035502958579837e-01
5.420118343195265975e-01,8.426035502958579837e-01
5.420118343195265975e-01,8.437869822485206672e-01
5.428007889546351272e-01,8.437869822485206672e-01
5.428007889546351272e-01,8.449704142011834618e-01
5.439842209072978108e-01,8.449704142011834618e-01
5.439842209072978108e-01,8.461538461538461453e-01
5.447731755424063405e-01,8.461538461538461453e-01
5.447731755424063405e-01,8.473372781065088288e-01
5.495069033530571856e-01,8.473372781065088288e-01
5.495069033530571856e-01,8.485207100591716234e-01
5.510848126232741340e-01,8.485207100591716234e-01
5.510848126232741340e-01,8.497041420118343069e-01
5.518737672583826637e-01,8.497041420118343069e-01
5.518737672583826637e-01,8.508875739644969904e-01
5.573964497041420385e-01,8.508875739644969904e-01
5.573964497041420385e-01,8.520710059171597850e-01
5.621301775147928836e-01,8.520710059171597850e-01
5.621301775147928836e-01,8.532544378698224685e-01
5.629191321499014133e-01,8.532544378698224685e-01
5.629191321499014133e-01,8.556213017751479466e-01
5.633136094674555672e-01,8.556213017751479466e-01
5.633136094674555672e-01,8.568047337278106301e-01
5.648915187376726266e-01,8.568047337278106301e-01
5.648915187376726266e-01,8.579881656804734247e-01
5.680473372781065233e-01,8.579881656804734247e-01
5.680473372781065233e-01,8.591715976331361082e-01
5.688362919132149420e-01,8.591715976331361082e-01
5.688362919132149420e-01,8.603550295857987917e-01
5.700197238658777366e-01,8.603550295857987917e-01
5.700197238658777366e-01,8.627218934911242698e-01
5.743589743589743168e-01,8.627218934911242698e-01
5.743589743589743168e-01,8.650887573964497479e-01
5.759368836291913762e-01,8.650887573964497479e-01
5.767258382642997949e-01,8.650887573964497479e-01
5.771203155818540598e-01,8.650887573964497479e-01
5.779092702169624785e-01,8.650887573964497479e-01
5.806706114398422214e-01,8.650887573964497479e-01
5.806706114398422214e-01,8.662721893491124314e-01
5.877712031558185446e-01,8.662721893491124314e-01
5.877712031558185446e-01,8.674556213017751150e-01
5.885601577909270743e-01,8.674556213017751150e-01
5.885601577909270743e-01,8.686390532544379095e-01
5.909270216962524414e-01,8.686390532544379095e-01
5.909270216962524414e-01,8.698224852071005930e-01
5.940828402366863381e-01,8.698224852071005930e-01
5.940828402366863381e-01,8.721893491124260711e-01
5.952662721893491327e-01,8.721893491124260711e-01
5.952662721893491327e-01,8.733727810650887546e-01
5.960552268244575513e-01,8.733727810650887546e-01
5.960552268244575513e-01,8.757396449704142327e-01
6.003944773175542426e-01,8.757396449704142327e-01
6.003944773175542426e-01,8.769230769230769162e-01
6.043392504930966691e-01,8.769230769230769162e-01
6.043392504930966691e-01,8.781065088757395998e-01
6.149901380670611539e-01,8.781065088757395998e-01
6.149901380670611539e-01,8.792899408284023943e-01
6.153846153846154188e-01,8.792899408284023943e-01
6.153846153846154188e-01,8.804733727810650779e-01
6.165680473372781023e-01,8.804733727810650779e-01
6.165680473372781023e-01,8.816568047337277614e-01
6.205128205128205288e-01,8.816568047337277614e-01
6.205128205128205288e-01,8.828402366863905559e-01
6.287968441814595355e-01,8.828402366863905559e-01
6.287968441814595355e-01,8.840236686390532395e-01
6.295857988165680652e-01,8.840236686390532395e-01
6.295857988165680652e-01,8.852071005917159230e-01
6.303747534516764839e-01,8.852071005917159230e-01
6.303747534516764839e-01,8.863905325443787175e-01
6.311637080867850136e-01,8.863905325443787175e-01
6.311637080867850136e-01,8.875739644970414011e-01
6.351084812623274400e-01,8.875739644970414011e-01
6.351084812623274400e-01,8.887573964497041956e-01
6.402366863905325500e-01,8.887573964497041956e-01
6.402366863905325500e-01,8.899408284023668791e-01
6.406311637080868149e-01,8.899408284023668791e-01
6.414201183431952336e-01,8.899408284023668791e-01
6.449704142011833952e-01,8.899408284023668791e-01
6.449704142011833952e-01,8.934911242603550408e-01
6.469428007889546084e-01,8.934911242603550408e-01
6.469428007889546084e-01,8.946745562130177243e-01
6.485207100591715568e-01,8.946745562130177243e-01
6.485207100591715568e-01,8.958579881656805188e-01
6.520710059171597184e-01,8.958579881656805188e-01
6.520710059171597184e-01,8.970414201183432024e-01
6.591715976331360416e-01,8.970414201183432024e-01
6.599605522682445713e-01,8.970414201183432024e-01
6.599605522682445713e-01,8.982248520710058859e-01
6.603550295857988361e-01,8.982248520710058859e-01
6.603550295857988361e-01,8.994082840236686804e-01
6.607495069033531010e-01,8.994082840236686804e-01
6.607495069033531010e-01,9.005917159763313640e-01
6.698224852071006374e-01,9.005917159763313640e-01
6.698224852071006374e-01,9.029585798816568420e-01
6.721893491124260045e-01,9.029585798816568420e-01
6.729783037475345342e-01,9.029585798816568420e-01
6.737672583826429529e-01,9.029585798816568420e-01
6.745562130177514826e-01,9.029585798816568420e-01
6.804733727810651223e-01,9.029585798816568420e-01
6.804733727810651223e-01,9.041420118343195256e-01
6.844181459566075487e-01,9.041420118343195256e-01
6.844181459566075487e-01,9.053254437869822091e-01
6.856015779092702322e-01,9.053254437869822091e-01
6.863905325443786509e-01,9.053254437869822091e-01
6.863905325443786509e-01,9.065088757396450037e-01
6.934911242603549741e-01,9.065088757396450037e-01
6.934911242603549741e-01,9.076923076923076872e-01
6.942800788954635038e-01,9.076923076923076872e-01
6.942800788954635038e-01,9.088757396449703707e-01
6.958579881656804522e-01,9.088757396449703707e-01
6.958579881656804522e-01,9.100591715976331653e-01
6.994082840236686138e-01,9.100591715976331653e-01
6.994082840236686138e-01,9.112426035502958488e-01
7.013806706114398271e-01,9.112426035502958488e-01
7.013806706114398271e-01,9.124260355029585323e-01
7.025641025641025106e-01,9.124260355029585323e-01
7.025641025641025106e-01,9.136094674556213269e-01
7.069033530571992019e-01,9.136094674556213269e-01
7.069033530571992019e-01,9.147928994082840104e-01
7.128205128205128416e-01,9.147928994082840104e-01
7.128205128205128416e-01,9.171597633136094885e-01
7.140039447731755251e-01,9.171597633136094885e-01
7.140039447731755251e-01,9.183431952662721720e-01
7.175542406311636867e-01,9.183431952662721720e-01
7.175542406311636867e-01,9.195266272189349666e-01
7.207100591715975835e-01,9.195266272189349666e-01
7.207100591715975835e-01,9.207100591715976501e-01
7.230769230769230616e-01,9.207100591715976501e-01
7.230769230769230616e-01,9.218934911242603336e-01
7.266272189349112232e-01,9.218934911242603336e-01
7.274161735700197529e-01,9.218934911242603336e-01
7.282051282051281715e-01,9.218934911242603336e-01
7.282051282051281715e-01,9.230769230769231282e-01
7.289940828402367012e-01,9.230769230769231282e-01
7.289940828402367012e-01,9.242603550295858117e-01
7.317554240631163331e-01,9.242603550295858117e-01
7.317554240631163331e-01,9.266272189349112898e-01
7.404339250493097158e-01,9.266272189349112898e-01
7.404339250493097158e-01,9.278106508875739733e-01
7.412228796844181344e-01,9.278106508875739733e-01
7.412228796844181344e-01,9.289940828402366568e-01
7.416173570019723993e-01,9.289940828402366568e-01
7.416173570019723993e-01,9.301775147928994514e-01
7.447731755424062960e-01,9.301775147928994514e-01
7.447731755424062960e-01,9.313609467455621349e-01
7.463510848126232444e-01,9.313609467455621349e-01
7.463510848126232444e-01,9.325443786982248184e-01
7.479289940828401928e-01,9.325443786982248184e-01
7.479289940828401928e-01,9.337278106508876130e-01
7.491124260355029874e-01,9.337278106508876130e-01
7.491124260355029874e-01,9.349112426035502965e-01
7.530571992110454138e-01,9.349112426035502965e-01
7.530571992110454138e-01,9.360946745562129800e-01
7.558185404339250457e-01,9.360946745562129800e-01
7.558185404339250457e-01,9.372781065088757746e-01
7.581854043392505238e-01,9.372781065088757746e-01
7.581854043392505238e-01,9.384615384615384581e-01
7.593688362919132073e-01,9.384615384615384581e-01
7.593688362919132073e-01,9.396449704142011417e-01
7.601577909270217370e-01,9.396449704142011417e-01
7.601577909270217370e-01,9.431952662721893033e-01
7.633136094674556338e-01,9.431952662721893033e-01
7.633136094674556338e-01,9.467455621301774649e-01
7.668639053254437954e-01,9.467455621301774649e-01
7.668639053254437954e-01,9.479289940828402594e-01
7.684418145956607438e-01,9.479289940828402594e-01
7.684418145956607438e-01,9.491124260355029429e-01
7.715976331360946405e-01,9.491124260355029429e-01
7.715976331360946405e-01,9.502958579881656265e-01
7.723865877712031702e-01,9.502958579881656265e-01
7.751479289940828021e-01,9.502958579881656265e-01
7.751479289940828021e-01,9.514792899408284210e-01
7.755424063116370670e-01,9.514792899408284210e-01
7.755424063116370670e-01,9.526627218934911046e-01
7.767258382642997505e-01,9.526627218934911046e-01
7.767258382642997505e-01,9.538461538461538991e-01
7.794871794871794934e-01,9.538461538461538991e-01
7.794871794871794934e-01,9.562130177514792662e-01
7.802761341222880231e-01,9.562130177514792662e-01
7.802761341222880231e-01,9.573964497041420607e-01
7.850098619329388683e-01,9.573964497041420607e-01
7.850098619329388683e-01,9.585798816568047442e-01
7.854043392504931331e-01,9.585798816568047442e-01
7.854043392504931331e-01,9.597633136094674278e-01
7.905325443786982431e-01,9.597633136094674278e-01
7.905325443786982431e-01,9.609467455621302223e-01
7.944773175542406696e-01,9.609467455621302223e-01
7.944773175542406696e-01,9.621301775147929058e-01
7.984220907297829850e-01,9.621301775147929058e-01
7.984220907297829850e-01,9.633136094674555894e-01
7.992110453648915147e-01,9.633136094674555894e-01
7.992110453648915147e-01,9.644970414201183839e-01
8.035502958579882060e-01,9.644970414201183839e-01
8.035502958579882060e-01,9.656804733727810675e-01
8.055226824457594192e-01,9.656804733727810675e-01
8.055226824457594192e-01,9.680473372781065455e-01
8.067061143984221028e-01,9.680473372781065455e-01
8.074950690335305215e-01,9.680473372781065455e-01
8.090729783037475809e-01,9.680473372781065455e-01
8.090729783037475809e-01,9.692307692307692291e-01
8.157790927021696392e-01,9.692307692307692291e-01
8.165680473372780579e-01,9.692307692307692291e-01
8.181459566074951173e-01,9.692307692307692291e-01
8.181459566074951173e-01,9.704142011834319126e-01
8.244575936883629108e-01,9.704142011834319126e-01
8.244575936883629108e-01,9.715976331360947071e-01
8.303747534516765505e-01,9.715976331360947071e-01
8.303747534516765505e-01,9.727810650887573907e-01
8.441814595660749321e-01,9.727810650887573907e-01
8.441814595660749321e-01,9.739644970414200742e-01
8.445759368836291969e-01,9.739644970414200742e-01
8.445759368836291969e-01,9.751479289940828687e-01
8.500986193293885718e-01,9.751479289940828687e-01
8.500986193293885718e-01,9.763313609467455523e-01
8.508875739644969904e-01,9.763313609467455523e-01
8.508875739644969904e-01,9.775147928994082358e-01
8.540433925049309982e-01,9.775147928994082358e-01
8.540433925049309982e-01,9.786982248520710304e-01
8.631163708086785347e-01,9.786982248520710304e-01
8.639053254437869533e-01,9.786982248520710304e-01
8.642998027613412182e-01,9.786982248520710304e-01
8.642998027613412182e-01,9.798816568047337139e-01
8.646942800788954830e-01,9.798816568047337139e-01
8.654832347140039017e-01,9.798816568047337139e-01
8.698224852071005930e-01,9.798816568047337139e-01
8.698224852071005930e-01,9.810650887573963974e-01
8.702169625246548579e-01,9.810650887573963974e-01
8.702169625246548579e-01,9.822485207100591920e-01
8.757396449704142327e-01,9.822485207100591920e-01
8.757396449704142327e-01,9.834319526627218755e-01
8.765285996055226514e-01,9.834319526627218755e-01
8.765285996055226514e-01,9.846153846153846700e-01
8.836291913214989746e-01,9.846153846153846700e-01
8.836291913214989746e-01,9.857988165680473536e-01
8.844181459566075043e-01,9.857988165680473536e-01
8.844181459566075043e-01,9.881656804733728316e-01
8.863905325443787175e-01,9.881656804733728316e-01
8.863905325443787175e-01,9.893491124260355152e-01
8.919132149901380924e-01,9.893491124260355152e-01
8.919132149901380924e-01,9.905325443786981987e-01
8.950690335305719891e-01,9.905325443786981987e-01
8.950690335305719891e-01,9.917159763313609933e-01
8.954635108481262540e-01,9.917159763313609933e-01
8.954635108481262540e-01,9.928994082840236768e-01
9.029585798816568420e-01,9.928994082840236768e-01
9.029585798816568420e-01,9.940828402366863603e-01
9.037475345167652607e-01,9.940828402366863603e-01
9.037475345167652607e-01,9.952662721893491549e-01
9.100591715976331653e-01,9.952662721893491549e-01
9.100591715976331653e-01,9.964497041420118384e-01
9.143984220907297455e-01,9.964497041420118384e-01
9.143984220907297455e-01,9.976331360946745219e-01
9.258382642998027601e-01,9.976331360946745219e-01
9.258382642998027601e-01,9.988165680473373165e-01
9.459566074950690462e-01,9.988165680473373165e-01
9.459566074950690462e-01,1.000000000000000000e+00
1.000000000000000000e+00,1.000000000000000000e+00
